function cmap = afmhot_r()

cmap = [1.0,1.0,1.0;
1.0,1.0,0.9921568627450981;
1.0,1.0,0.9843137254901961;
1.0,1.0,0.9764705882352942;
1.0,1.0,0.9686274509803923;
1.0,1.0,0.9607843137254901;
1.0,1.0,0.9529411764705882;
1.0,1.0,0.9450980392156862;
1.0,1.0,0.9372549019607843;
1.0,1.0,0.9294117647058824;
1.0,1.0,0.9215686274509804;
1.0,1.0,0.9137254901960785;
1.0,1.0,0.9058823529411764;
1.0,1.0,0.8980392156862744;
1.0,1.0,0.8901960784313725;
1.0,1.0,0.8823529411764706;
1.0,1.0,0.8745098039215686;
1.0,1.0,0.8666666666666667;
1.0,1.0,0.8588235294117648;
1.0,1.0,0.8509803921568628;
1.0,1.0,0.8431372549019609;
1.0,1.0,0.8352941176470587;
1.0,1.0,0.8274509803921568;
1.0,1.0,0.8196078431372549;
1.0,1.0,0.8117647058823529;
1.0,1.0,0.803921568627451;
1.0,1.0,0.7960784313725491;
1.0,1.0,0.7882352941176471;
1.0,1.0,0.780392156862745;
1.0,1.0,0.7725490196078431;
1.0,1.0,0.7647058823529411;
1.0,1.0,0.7568627450980392;
1.0,1.0,0.7490196078431373;
1.0,1.0,0.7411764705882353;
1.0,1.0,0.7333333333333334;
1.0,1.0,0.7254901960784315;
1.0,1.0,0.7176470588235295;
1.0,1.0,0.7098039215686276;
1.0,1.0,0.7019607843137254;
1.0,1.0,0.6941176470588235;
1.0,1.0,0.6862745098039216;
1.0,1.0,0.6784313725490196;
1.0,1.0,0.6705882352941177;
1.0,1.0,0.6627450980392156;
1.0,1.0,0.6549019607843136;
1.0,1.0,0.6470588235294117;
1.0,1.0,0.6392156862745098;
1.0,1.0,0.6313725490196078;
1.0,1.0,0.6235294117647059;
1.0,1.0,0.615686274509804;
1.0,1.0,0.607843137254902;
1.0,1.0,0.6000000000000001;
1.0,1.0,0.5921568627450982;
1.0,1.0,0.5843137254901962;
1.0,1.0,0.5764705882352941;
1.0,1.0,0.5686274509803921;
1.0,1.0,0.5607843137254902;
1.0,1.0,0.5529411764705883;
1.0,1.0,0.5450980392156863;
1.0,1.0,0.5372549019607842;
1.0,1.0,0.5294117647058822;
1.0,1.0,0.5215686274509803;
1.0,1.0,0.5137254901960784;
1.0,1.0,0.5058823529411764;
1.0,0.9980392156862745,0.4980392156862745;
1.0,0.9901960784313726,0.4901960784313726;
1.0,0.9823529411764707,0.48235294117647065;
1.0,0.9745098039215687,0.4745098039215687;
1.0,0.9666666666666668,0.4666666666666668;
1.0,0.9588235294117649,0.45882352941176485;
1.0,0.9509803921568627,0.4509803921568627;
1.0,0.9431372549019608,0.44313725490196076;
1.0,0.9352941176470588,0.43529411764705883;
1.0,0.9274509803921569,0.4274509803921569;
1.0,0.919607843137255,0.41960784313725497;
1.0,0.9117647058823528,0.4117647058823528;
1.0,0.9039215686274509,0.4039215686274509;
1.0,0.896078431372549,0.39607843137254894;
1.0,0.888235294117647,0.388235294117647;
1.0,0.8803921568627451,0.3803921568627451;
1.0,0.8725490196078431,0.37254901960784315;
1.0,0.8647058823529412,0.3647058823529412;
1.0,0.8568627450980393,0.3568627450980393;
1.0,0.8490196078431373,0.34901960784313735;
1.0,0.8411764705882354,0.3411764705882354;
1.0,0.8333333333333335,0.3333333333333335;
1.0,0.8254901960784313,0.3254901960784313;
1.0,0.8176470588235294,0.3176470588235294;
1.0,0.8098039215686275,0.30980392156862746;
1.0,0.8019607843137255,0.3019607843137255;
1.0,0.7941176470588236,0.2941176470588236;
1.0,0.7862745098039214,0.28627450980392144;
1.0,0.7784313725490195,0.2784313725490195;
1.0,0.7705882352941176,0.2705882352941176;
1.0,0.7627450980392156,0.26274509803921564;
1.0,0.7549019607843137,0.2549019607843137;
1.0,0.7470588235294118,0.24705882352941178;
1.0,0.7392156862745098,0.23921568627450984;
1.0,0.7313725490196079,0.2313725490196079;
1.0,0.723529411764706,0.22352941176470598;
1.0,0.715686274509804,0.21568627450980404;
1.0,0.7078431372549021,0.2078431372549021;
1.0,0.7,0.19999999999999996;
1.0,0.692156862745098,0.19215686274509802;
1.0,0.6843137254901961,0.1843137254901961;
1.0,0.6764705882352942,0.17647058823529416;
1.0,0.6686274509803922,0.16862745098039222;
1.0,0.6607843137254901,0.16078431372549007;
1.0,0.6529411764705881,0.15294117647058814;
1.0,0.6450980392156862,0.1450980392156862;
1.0,0.6372549019607843,0.13725490196078427;
1.0,0.6294117647058823,0.12941176470588234;
1.0,0.6215686274509804,0.1215686274509804;
1.0,0.6137254901960785,0.11372549019607847;
1.0,0.6058823529411765,0.10588235294117654;
1.0,0.5980392156862746,0.0980392156862746;
1.0,0.5901960784313727,0.09019607843137267;
1.0,0.5823529411764707,0.08235294117647074;
1.0,0.5745098039215686,0.07450980392156858;
1.0,0.5666666666666667,0.06666666666666665;
1.0,0.5588235294117647,0.05882352941176472;
1.0,0.5509803921568628,0.050980392156862786;
1.0,0.5431372549019609,0.04313725490196085;
1.0,0.5352941176470587,0.0352941176470587;
1.0,0.5274509803921568,0.027450980392156765;
1.0,0.5196078431372548,0.019607843137254832;
1.0,0.5117647058823529,0.0117647058823529;
1.0,0.503921568627451,0.0039215686274509665;
0.996078431372549,0.49607843137254903,0.0;
0.9882352941176471,0.4882352941176471,0.0;
0.9803921568627452,0.48039215686274517,0.0;
0.9725490196078432,0.47254901960784323,0.0;
0.9647058823529413,0.4647058823529413,0.0;
0.9568627450980391,0.45686274509803915,0.0;
0.9490196078431372,0.4490196078431372,0.0;
0.9411764705882353,0.4411764705882353,0.0;
0.9333333333333333,0.43333333333333335,0.0;
0.9254901960784314,0.4254901960784314,0.0;
0.9176470588235295,0.4176470588235295,0.0;
0.9098039215686275,0.40980392156862755,0.0;
0.9019607843137254,0.4019607843137254,0.0;
0.8941176470588235,0.39411764705882346,0.0;
0.8862745098039215,0.38627450980392153,0.0;
0.8784313725490196,0.3784313725490196,0.0;
0.8705882352941177,0.37058823529411766,0.0;
0.8627450980392157,0.36274509803921573,0.0;
0.8549019607843138,0.3549019607843138,0.0;
0.8470588235294119,0.34705882352941186,0.0;
0.8392156862745099,0.33921568627450993,0.0;
0.8313725490196078,0.3313725490196078,0.0;
0.8235294117647058,0.32352941176470584,0.0;
0.8156862745098039,0.3156862745098039,0.0;
0.807843137254902,0.307843137254902,0.0;
0.8,0.30000000000000004,0.0;
0.7921568627450981,0.2921568627450981,0.0;
0.7843137254901962,0.2843137254901962,0.0;
0.776470588235294,0.276470588235294,0.0;
0.7686274509803921,0.2686274509803921,0.0;
0.7607843137254902,0.26078431372549016,0.0;
0.7529411764705882,0.2529411764705882,0.0;
0.7450980392156863,0.2450980392156863,0.0;
0.7372549019607844,0.23725490196078436,0.0;
0.7294117647058824,0.22941176470588243,0.0;
0.7215686274509805,0.2215686274509805,0.0;
0.7137254901960786,0.21372549019607856,0.0;
0.7058823529411764,0.2058823529411764,0.0;
0.6980392156862745,0.19803921568627447,0.0;
0.6901960784313725,0.19019607843137254,0.0;
0.6823529411764706,0.1823529411764706,0.0;
0.6745098039215687,0.17450980392156867,0.0;
0.6666666666666667,0.16666666666666674,0.0;
0.6588235294117648,0.1588235294117648,0.0;
0.6509803921568627,0.15098039215686265,0.0;
0.6431372549019607,0.14313725490196072,0.0;
0.6352941176470588,0.1352941176470588,0.0;
0.6274509803921569,0.12745098039215685,0.0;
0.6196078431372549,0.11960784313725492,0.0;
0.611764705882353,0.11176470588235299,0.0;
0.603921568627451,0.10392156862745106,0.0;
0.5960784313725491,0.09607843137254912,0.0;
0.5882352941176472,0.08823529411764719,0.0;
0.580392156862745,0.08039215686274503,0.0;
0.5725490196078431,0.0725490196078431,0.0;
0.5647058823529412,0.06470588235294117,0.0;
0.5568627450980392,0.056862745098039236,0.0;
0.5490196078431373,0.0490196078431373,0.0;
0.5411764705882354,0.04117647058823537,0.0;
0.5333333333333334,0.03333333333333344,0.0;
0.5254901960784313,0.025490196078431282,0.0;
0.5176470588235293,0.01764705882352935,0.0;
0.5098039215686274,0.009803921568627416,0.0;
0.5019607843137255,0.0019607843137254832,0.0;
0.49411764705882355,0.0,0.0;
0.4862745098039216,0.0,0.0;
0.4784313725490197,0.0,0.0;
0.47058823529411775,0.0,0.0;
0.4627450980392158,0.0,0.0;
0.45490196078431366,0.0,0.0;
0.44705882352941173,0.0,0.0;
0.4392156862745098,0.0,0.0;
0.43137254901960786,0.0,0.0;
0.42352941176470593,0.0,0.0;
0.415686274509804,0.0,0.0;
0.40784313725490207,0.0,0.0;
0.3999999999999999,0.0,0.0;
0.392156862745098,0.0,0.0;
0.38431372549019605,0.0,0.0;
0.3764705882352941,0.0,0.0;
0.3686274509803922,0.0,0.0;
0.36078431372549025,0.0,0.0;
0.3529411764705883,0.0,0.0;
0.3450980392156864,0.0,0.0;
0.33725490196078445,0.0,0.0;
0.3294117647058823,0.0,0.0;
