function cmap = afmhot()

cmap = [0.0,0.0,0.0;
0.00784313725490196,0.0,0.0;
0.01568627450980392,0.0,0.0;
0.023529411764705882,0.0,0.0;
0.03137254901960784,0.0,0.0;
0.0392156862745098,0.0,0.0;
0.047058823529411764,0.0,0.0;
0.054901960784313725,0.0,0.0;
0.06274509803921569,0.0,0.0;
0.07058823529411765,0.0,0.0;
0.0784313725490196,0.0,0.0;
0.08627450980392157,0.0,0.0;
0.09411764705882353,0.0,0.0;
0.10196078431372549,0.0,0.0;
0.10980392156862745,0.0,0.0;
0.11764705882352941,0.0,0.0;
0.12549019607843137,0.0,0.0;
0.13333333333333333,0.0,0.0;
0.1411764705882353,0.0,0.0;
0.14901960784313725,0.0,0.0;
0.1568627450980392,0.0,0.0;
0.16470588235294117,0.0,0.0;
0.17254901960784313,0.0,0.0;
0.1803921568627451,0.0,0.0;
0.18823529411764706,0.0,0.0;
0.19607843137254902,0.0,0.0;
0.20392156862745098,0.0,0.0;
0.21176470588235294,0.0,0.0;
0.2196078431372549,0.0,0.0;
0.22745098039215686,0.0,0.0;
0.23529411764705882,0.0,0.0;
0.24313725490196078,0.0,0.0;
0.25098039215686274,0.0,0.0;
0.2588235294117647,0.0,0.0;
0.26666666666666666,0.0,0.0;
0.27450980392156865,0.0,0.0;
0.2823529411764706,0.0,0.0;
0.2901960784313725,0.0,0.0;
0.2980392156862745,0.0,0.0;
0.3058823529411765,0.0,0.0;
0.3137254901960784,0.0,0.0;
0.32156862745098036,0.0,0.0;
0.32941176470588235,0.0,0.0;
0.33725490196078434,0.0,0.0;
0.34509803921568627,0.0,0.0;
0.3529411764705882,0.0,0.0;
0.3607843137254902,0.0,0.0;
0.3686274509803922,0.0,0.0;
0.3764705882352941,0.0,0.0;
0.38431372549019605,0.0,0.0;
0.39215686274509803,0.0,0.0;
0.4,0.0,0.0;
0.40784313725490196,0.0,0.0;
0.4156862745098039,0.0,0.0;
0.4235294117647059,0.0,0.0;
0.43137254901960786,0.0,0.0;
0.4392156862745098,0.0,0.0;
0.44705882352941173,0.0,0.0;
0.4549019607843137,0.0,0.0;
0.4627450980392157,0.0,0.0;
0.47058823529411764,0.0,0.0;
0.4784313725490196,0.0,0.0;
0.48627450980392156,0.0,0.0;
0.49411764705882355,0.0,0.0;
0.5019607843137255,0.0019607843137254832,0.0;
0.5098039215686274,0.009803921568627416,0.0;
0.5176470588235293,0.01764705882352935,0.0;
0.5254901960784314,0.025490196078431393,0.0;
0.5333333333333333,0.033333333333333326,0.0;
0.5411764705882353,0.04117647058823526,0.0;
0.5490196078431373,0.0490196078431373,0.0;
0.5568627450980392,0.056862745098039236,0.0;
0.5647058823529412,0.06470588235294117,0.0;
0.5725490196078431,0.0725490196078431,0.0;
0.580392156862745,0.08039215686274503,0.0;
0.5882352941176471,0.08823529411764708,0.0;
0.596078431372549,0.09607843137254901,0.0;
0.6039215686274509,0.10392156862745094,0.0;
0.611764705882353,0.11176470588235299,0.0;
0.6196078431372549,0.11960784313725492,0.0;
0.6274509803921569,0.12745098039215685,0.0;
0.6352941176470588,0.1352941176470588,0.0;
0.6431372549019607,0.14313725490196072,0.0;
0.6509803921568628,0.15098039215686276,0.0;
0.6588235294117647,0.1588235294117647,0.0;
0.6666666666666666,0.16666666666666663,0.0;
0.6745098039215687,0.17450980392156867,0.0;
0.6823529411764706,0.1823529411764706,0.0;
0.6901960784313725,0.19019607843137254,0.0;
0.6980392156862745,0.19803921568627447,0.0;
0.7058823529411764,0.2058823529411764,0.0;
0.7137254901960784,0.21372549019607845,0.0;
0.7215686274509804,0.22156862745098038,0.0;
0.7294117647058823,0.22941176470588232,0.0;
0.7372549019607844,0.23725490196078436,0.0;
0.7450980392156863,0.2450980392156863,0.0;
0.7529411764705882,0.2529411764705882,0.0;
0.7607843137254902,0.26078431372549016,0.0;
0.7686274509803921,0.2686274509803921,0.0;
0.7764705882352941,0.27647058823529413,0.0;
0.7843137254901961,0.28431372549019607,0.0;
0.792156862745098,0.292156862745098,0.0;
0.8,0.30000000000000004,0.0;
0.807843137254902,0.307843137254902,0.0;
0.8156862745098039,0.3156862745098039,0.0;
0.8235294117647058,0.32352941176470584,0.0;
0.8313725490196078,0.3313725490196078,0.0;
0.8392156862745098,0.3392156862745098,0.0;
0.8470588235294118,0.34705882352941175,0.0;
0.8549019607843137,0.3549019607843137,0.0;
0.8627450980392157,0.36274509803921573,0.0;
0.8705882352941177,0.37058823529411766,0.0;
0.8784313725490196,0.3784313725490196,0.0;
0.8862745098039215,0.38627450980392153,0.0;
0.8941176470588235,0.39411764705882346,0.0;
0.9019607843137255,0.4019607843137255,0.0;
0.9098039215686274,0.40980392156862744,0.0;
0.9176470588235294,0.41764705882352937,0.0;
0.9254901960784314,0.4254901960784314,0.0;
0.9333333333333333,0.43333333333333335,0.0;
0.9411764705882353,0.4411764705882353,0.0;
0.9490196078431372,0.4490196078431372,0.0;
0.9568627450980391,0.45686274509803915,0.0;
0.9647058823529412,0.4647058823529412,0.0;
0.9725490196078431,0.4725490196078431,0.0;
0.9803921568627451,0.48039215686274506,0.0;
0.9882352941176471,0.4882352941176471,0.0;
0.996078431372549,0.49607843137254903,0.0;
1.0,0.503921568627451,0.0039215686274509665;
1.0,0.5117647058823529,0.0117647058823529;
1.0,0.5196078431372548,0.019607843137254832;
1.0,0.5274509803921568,0.027450980392156765;
1.0,0.5352941176470587,0.0352941176470587;
1.0,0.5431372549019609,0.04313725490196085;
1.0,0.5509803921568628,0.050980392156862786;
1.0,0.5588235294117647,0.05882352941176472;
1.0,0.5666666666666667,0.06666666666666665;
1.0,0.5745098039215686,0.07450980392156858;
1.0,0.5823529411764705,0.08235294117647052;
1.0,0.5901960784313725,0.09019607843137245;
1.0,0.5980392156862746,0.0980392156862746;
1.0,0.6058823529411765,0.10588235294117654;
1.0,0.6137254901960785,0.11372549019607847;
1.0,0.6215686274509804,0.1215686274509804;
1.0,0.6294117647058823,0.12941176470588234;
1.0,0.6372549019607843,0.13725490196078427;
1.0,0.6450980392156862,0.1450980392156862;
1.0,0.6529411764705881,0.15294117647058814;
1.0,0.6607843137254901,0.16078431372549007;
1.0,0.6686274509803922,0.16862745098039222;
1.0,0.6764705882352942,0.17647058823529416;
1.0,0.6843137254901961,0.1843137254901961;
1.0,0.692156862745098,0.19215686274509802;
1.0,0.7,0.19999999999999996;
1.0,0.7078431372549019,0.2078431372549019;
1.0,0.7156862745098038,0.21568627450980382;
1.0,0.723529411764706,0.22352941176470598;
1.0,0.7313725490196079,0.2313725490196079;
1.0,0.7392156862745098,0.23921568627450984;
1.0,0.7470588235294118,0.24705882352941178;
1.0,0.7549019607843137,0.2549019607843137;
1.0,0.7627450980392156,0.26274509803921564;
1.0,0.7705882352941176,0.2705882352941176;
1.0,0.7784313725490195,0.2784313725490195;
1.0,0.7862745098039214,0.28627450980392144;
1.0,0.7941176470588236,0.2941176470588236;
1.0,0.8019607843137255,0.3019607843137255;
1.0,0.8098039215686275,0.30980392156862746;
1.0,0.8176470588235294,0.3176470588235294;
1.0,0.8254901960784313,0.3254901960784313;
1.0,0.8333333333333333,0.33333333333333326;
1.0,0.8411764705882352,0.3411764705882352;
1.0,0.8490196078431373,0.34901960784313735;
1.0,0.8568627450980393,0.3568627450980393;
1.0,0.8647058823529412,0.3647058823529412;
1.0,0.8725490196078431,0.37254901960784315;
1.0,0.8803921568627451,0.3803921568627451;
1.0,0.888235294117647,0.388235294117647;
1.0,0.896078431372549,0.39607843137254894;
1.0,0.9039215686274509,0.4039215686274509;
1.0,0.9117647058823528,0.4117647058823528;
1.0,0.919607843137255,0.41960784313725497;
1.0,0.9274509803921569,0.4274509803921569;
1.0,0.9352941176470588,0.43529411764705883;
1.0,0.9431372549019608,0.44313725490196076;
1.0,0.9509803921568627,0.4509803921568627;
1.0,0.9588235294117646,0.45882352941176463;
1.0,0.9666666666666666,0.46666666666666656;
1.0,0.9745098039215687,0.4745098039215687;
1.0,0.9823529411764707,0.48235294117647065;
1.0,0.9901960784313726,0.4901960784313726;
1.0,0.9980392156862745,0.4980392156862745;
1.0,1.0,0.5058823529411764;
1.0,1.0,0.5137254901960784;
1.0,1.0,0.5215686274509803;
1.0,1.0,0.5294117647058822;
1.0,1.0,0.5372549019607842;
1.0,1.0,0.5450980392156863;
1.0,1.0,0.5529411764705883;
1.0,1.0,0.5607843137254902;
1.0,1.0,0.5686274509803921;
1.0,1.0,0.5764705882352941;
1.0,1.0,0.584313725490196;
1.0,1.0,0.5921568627450979;
1.0,1.0,0.6000000000000001;
1.0,1.0,0.607843137254902;
1.0,1.0,0.615686274509804;
1.0,1.0,0.6235294117647059;
1.0,1.0,0.6313725490196078;
1.0,1.0,0.6392156862745098;
1.0,1.0,0.6470588235294117;
1.0,1.0,0.6549019607843136;
1.0,1.0,0.6627450980392156;
1.0,1.0,0.6705882352941177;
