function cmap = bone_r()

cmap = [1.0,1.0,1.0;
0.9946384784620079,0.9965686274509804,0.996568626678922;
0.9892769569240157,0.9931372549019608,0.993137253357844;
0.9839154353860237,0.9897058823529412,0.9897058800367661;
0.9785539138480315,0.9862745098039216,0.9862745067156881;
0.9731923923100394,0.9828431372549019,0.98284313339461;
0.9678308707720472,0.9794117647058823,0.979411760073532;
0.9624693492340551,0.9759803921568627,0.9759803867524541;
0.957107827696063,0.9725490196078431,0.9725490134313761;
0.9517463061580709,0.9691176470588235,0.9691176401102981;
0.9463847846200787,0.9656862745098039,0.9656862667892201;
0.9410232630820866,0.9622549019607843,0.9622548934681422;
0.9356617415440944,0.9588235294117647,0.9588235201470642;
0.9303002200061024,0.955392156862745,0.9553921468259862;
0.9249386984681103,0.9519607843137254,0.9519607735049082;
0.9195771769301181,0.9485294117647058,0.9485294001838303;
0.9142156553921259,0.9450980392156862,0.9450980268627522;
0.9088541338541338,0.9416666666666667,0.9416666535416742;
0.9034926123161418,0.9382352941176471,0.9382352802205962;
0.8981310907781496,0.9348039215686275,0.9348039068995182;
0.8927695692401575,0.9313725490196079,0.9313725335784403;
0.8874080477021653,0.9279411764705883,0.9279411602573623;
0.8820465261641732,0.9245098039215686,0.9245097869362843;
0.876685004626181,0.921078431372549,0.9210784136152063;
0.871323483088189,0.9176470588235294,0.9176470402941284;
0.8659619615501968,0.9142156862745098,0.9142156669730503;
0.8606004400122047,0.9107843137254902,0.9107842936519723;
0.8552389184742125,0.9073529411764706,0.9073529203308943;
0.8498773969362204,0.903921568627451,0.9039215470098164;
0.8445158753982283,0.9004901960784314,0.9004901736887384;
0.8391543538602362,0.8970588235294117,0.8970588003676604;
0.8337928323222441,0.8936274509803921,0.8936274270465824;
0.8284313107842519,0.8901960784313725,0.8901960537255045;
0.8230697892462598,0.8867647058823529,0.8867646804044265;
0.8177082677082677,0.8833333333333333,0.8833333070833485;
0.8123467461702756,0.8799019607843137,0.8799019337622704;
0.8069852246322834,0.8764705882352941,0.8764705604411924;
0.8016237030942913,0.8730392156862745,0.8730391871201145;
0.7962621815562991,0.8696078431372549,0.8696078137990365;
0.7909006600183071,0.8661764705882352,0.8661764404779585;
0.7855391384803149,0.8627450980392156,0.8627450671568806;
0.7801776169423228,0.8593137254901961,0.8593136938358026;
0.7748160954043306,0.8558823529411764,0.8558823205147246;
0.7694545738663385,0.8524509803921568,0.8524509471936466;
0.7640930523283465,0.8490196078431372,0.8490195738725685;
0.7587315307903543,0.8455882352941176,0.8455882005514906;
0.7533700092523622,0.842156862745098,0.8421568272304126;
0.74800848771437,0.8387254901960783,0.8387254539093346;
0.7426469661763779,0.8352941176470587,0.8352940805882566;
0.7372854446383859,0.8318627450980391,0.8318627072671787;
0.7319239231003936,0.8284313725490196,0.8284313339461007;
0.7265624015624015,0.825,0.8249999606250227;
0.7212008800244094,0.8215686274509804,0.8215685873039447;
0.7158393584864173,0.8181372549019608,0.8181372139828668;
0.710477836948425,0.8147058823529412,0.8147058406617887;
0.705116315410433,0.8112745098039216,0.8112744673407107;
0.6997547938724409,0.807843137254902,0.8078430940196327;
0.6943932723344488,0.8044117647058824,0.8044117206985548;
0.6890317507964566,0.8009803921568627,0.8009803473774768;
0.6836702292584644,0.7975490196078431,0.7975489740563988;
0.6783087077204724,0.7941176470588235,0.7941176007353208;
0.6729471861824803,0.7906862745098039,0.7906862274142429;
0.6675856646444881,0.7872549019607843,0.7872548540931648;
0.6622241431064959,0.7838235294117646,0.7838234807720869;
0.6568626215685038,0.780392156862745,0.7803921074510088;
0.6519607843137254,0.7766543286229071,0.7769607341299309;
0.6485294117647059,0.7719361921722319,0.7735293608088529;
0.6450980392156862,0.7672180557215564,0.7700979874877749;
0.6416666666666666,0.7624999192708811,0.7666666141666969;
0.638235294117647,0.7577817828202058,0.7632352408456189;
0.6348039215686274,0.7530636463695305,0.7598038675245409;
0.6313725490196078,0.7483455099188552,0.756372494203463;
0.6279411764705882,0.7436273734681799,0.752941120882385;
0.6245098039215685,0.7389092370175045,0.7495097475613071;
0.621078431372549,0.7341911005668292,0.746078374240229;
0.6176470588235293,0.7294729641161538,0.742647000919151;
0.6142156862745097,0.7247548276654785,0.739215627598073;
0.6107843137254901,0.7200366912148032,0.735784254276995;
0.6073529411764705,0.7153185547641279,0.732352880955917;
0.6039215686274509,0.7106004183134526,0.728921507634839;
0.6004901960784313,0.7058822818627772,0.7254901343137611;
0.5970588235294118,0.7011641454121019,0.7220587609926832;
0.5936274509803922,0.6964460089614266,0.7186273876716052;
0.5901960784313725,0.6917278725107513,0.7151960143505272;
0.5867647058823529,0.687009736060076,0.7117646410294491;
0.5833333333333333,0.6822915996094006,0.7083332677083711;
0.5799019607843137,0.6775734631587252,0.7049018943872931;
0.5764705882352941,0.6728553267080499,0.7014705210662151;
0.5730392156862745,0.6681371902573746,0.6980391477451371;
0.5696078431372549,0.6634190538066993,0.6946077744240593;
0.5661764705882353,0.6587009173560241,0.6911764011029813;
0.5627450980392157,0.6539827809053487,0.6877450277819033;
0.559313725490196,0.6492646444546734,0.6843136544608253;
0.5558823529411764,0.644546508003998,0.6808822811397472;
0.5524509803921568,0.6398283715533227,0.6774509078186692;
0.5490196078431372,0.6351102351026474,0.6740195344975912;
0.5455882352941176,0.630392098651972,0.6705881611765132;
0.542156862745098,0.6256739622012968,0.6671567878554354;
0.5387254901960784,0.6209558257506215,0.6637254145343574;
0.5352941176470588,0.616237689299946,0.6602940412132794;
0.5318627450980392,0.6115195528492707,0.6568626678922014;
0.5284313725490195,0.6068014163985954,0.6534312945711234;
0.5249999999999999,0.6020832799479201,0.6499999212500454;
0.5215686274509803,0.5973651434972448,0.6465685479289673;
0.5181372549019607,0.5926470070465695,0.6431371746078893;
0.5147058823529411,0.587928870595894,0.6397058012868114;
0.5112745098039215,0.5832107341452188,0.6362744279657335;
0.5078431372549019,0.5784925976945434,0.6328430546446555;
0.5044117647058823,0.5737744612438681,0.6294116813235775;
0.5009803921568627,0.5690563247931928,0.6259803080024995;
0.49754901960784303,0.5643381883425175,0.6225489346814215;
0.49411764705882344,0.5596200518918422,0.6191175613603435;
0.49068627450980384,0.5549019154411668,0.6156861880392654;
0.48725490196078425,0.5501837789904915,0.6122548147181875;
0.48382352941176465,0.5454656425398162,0.6088234413971096;
0.48039215686274506,0.5407475060891409,0.6053920680760315;
0.47696078431372546,0.5360293696384655,0.6019606947549536;
0.4735294117647058,0.5313112331877903,0.5985293214338756;
0.4700980392156862,0.5265930967371149,0.5950979481127976;
0.4666666666666666,0.5218749602864396,0.5916665747917196;
0.463235294117647,0.5171568238357642,0.5882352014706416;
0.45980392156862737,0.5124386873850889,0.5848038281495637;
0.4563725490196079,0.5077205509344137,0.5813724548284858;
0.4529411764705882,0.5030024144837383,0.5779410815074076;
0.4495098039215686,0.49828427803306297,0.5745097081863296;
0.446078431372549,0.49356614158238765,0.5710783348652517;
0.44264705882352934,0.4888480051317123,0.5676469615441737;
0.43921568627450974,0.48412986868103697,0.5642155882230957;
0.43578431372549015,0.47941173223036165,0.5607842149020177;
0.43235294117647055,0.4746935957796863,0.5573528415809398;
0.4289215686274509,0.469975459329011,0.5539214682598618;
0.4254901960784313,0.4652573228783357,0.5504900949387838;
0.4220588235294118,0.4605391864276605,0.5470587216177059;
0.4186274509803921,0.455821049976985,0.5436273482966278;
0.4151960784313725,0.4511029135263097,0.5401959749755498;
0.4117647058823529,0.44638477707563434,0.5367646016544718;
0.40833333333333327,0.4416666406249591,0.5333332283333938;
0.4049019607843137,0.43694850417428377,0.5299018550123158;
