function cmap = bone()

cmap = [0.0,0.0,0.0;
0.003431372549019608,0.0034313712063072676,0.004774083546462063;
0.006862745098039216,0.006862742412614535,0.009548167092924126;
0.010294117647058823,0.010294113618921803,0.01432225063938619;
0.013725490196078431,0.01372548482522907,0.019096334185848253;
0.01715686274509804,0.017156856031536338,0.023870417732310314;
0.020588235294117647,0.020588227237843607,0.02864450127877238;
0.024019607843137256,0.024019598444150872,0.03341858482523444;
0.027450980392156862,0.02745096965045814,0.038192668371696506;
0.030882352941176472,0.030882340856765406,0.04296675191815857;
0.03431372549019608,0.034313712063072675,0.04774083546462063;
0.037745098039215684,0.03774508326937995,0.0525149190110827;
0.041176470588235294,0.04117645447568721,0.05728900255754476;
0.0446078431372549,0.04460782568199448,0.062063086104006814;
0.04803921568627451,0.048039196888301744,0.06683716965046888;
0.051470588235294115,0.051470568094609016,0.07161125319693094;
0.054901960784313725,0.05490193930091628,0.07638533674339301;
0.058333333333333334,0.058333310507223554,0.08115942028985508;
0.061764705882352944,0.06176468171353081,0.08593350383631713;
0.06519607843137255,0.06519605291983809,0.09070758738277919;
0.06862745098039216,0.06862742412614535,0.09548167092924126;
0.07205882352941176,0.07205879533245263,0.10025575447570333;
0.07549019607843137,0.0754901665387599,0.1050298380221654;
0.07892156862745098,0.07892153774506715,0.10980392156862745;
0.08235294117647059,0.08235290895137443,0.11457800511508952;
0.08578431372549018,0.08578428015768168,0.11935208866155156;
0.0892156862745098,0.08921565136398896,0.12412617220801363;
0.0926470588235294,0.09264702257029622,0.1289002557544757;
0.09607843137254903,0.09607839377660349,0.13367433930093775;
0.09950980392156862,0.09950976498291077,0.13844842284739983;
0.10294117647058823,0.10294113618921803,0.1432225063938619;
0.10637254901960784,0.1063725073955253,0.14799658994032397;
0.10980392156862745,0.10980387860183256,0.15277067348678602;
0.11323529411764703,0.1132352498081398,0.15754475703324805;
0.11666666666666667,0.11666662101444711,0.16231884057971016;
0.12009803921568628,0.12009799222075436,0.1670929241261722;
0.12352941176470589,0.12352936342706163,0.17186700767263427;
0.12696078431372546,0.12696073463336888,0.1766410912190963;
0.1303921568627451,0.13039210583967617,0.18141517476555838;
0.1338235294117647,0.13382347704598344,0.18618925831202046;
0.13725490196078433,0.1372548482522907,0.19096334185848252;
0.1406862745098039,0.14068621945859794,0.19573742540494454;
0.14411764705882352,0.14411759066490526,0.20051150895140665;
0.14754901960784314,0.14754896187121253,0.2052855924978687;
0.15098039215686274,0.1509803330775198,0.2100596760443308;
0.15441176470588233,0.15441170428382703,0.2148337595907928;
0.15784313725490196,0.1578430754901343,0.2196078431372549;
0.16127450980392158,0.1612744466964416,0.22438192668371695;
0.16470588235294117,0.16470581790274885,0.22915601023017904;
0.16813725490196074,0.1681371891090561,0.23393009377664103;
0.17156862745098037,0.17156856031536336,0.23870417732310312;
0.17500000000000002,0.17499993152167065,0.24347826086956523;
0.1784313725490196,0.17843130272797791,0.24825234441602725;
0.18186274509803918,0.18186267393428515,0.2530264279624893;
0.1852941176470588,0.18529404514059244,0.2578005115089514;
0.18872549019607843,0.18872541634689974,0.2625745950554135;
0.19215686274509805,0.19215678755320698,0.2673486786018755;
0.19558823529411762,0.19558815875951424,0.2721227621483376;
0.19901960784313724,0.19901952996582153,0.27689684569479966;
0.20245098039215687,0.2024509011721288,0.28167092924126175;
0.20588235294117646,0.20588227237843607,0.2864450127877238;
0.20931372549019606,0.2093136435847433,0.2912190963341858;
0.21274509803921568,0.2127450147910506,0.29599317988064794;
0.21617647058823528,0.21617638599735786,0.30076726342710997;
0.2196078431372549,0.21960775720366513,0.30554134697357205;
0.2230392156862745,0.2230391284099724,0.3103154305200341;
0.22647058823529406,0.2264704996162796,0.3150895140664961;
0.2299019607843137,0.22990187082258692,0.31986359761295824;
0.23333333333333334,0.23333324202889422,0.3246376811594203;
0.23676470588235293,0.23676461323520148,0.32941176470588235;
0.24019607843137256,0.24019598444150872,0.3341858482523444;
0.24362745098039215,0.243627355647816,0.33895993179880646;
0.24705882352941178,0.24705872685412325,0.34373401534526854;
0.25049019607843137,0.25049009806043054,0.3485080988917306;
0.2539215686274509,0.25392146926673775,0.3532821824381926;
0.2573529411764706,0.2573528404730451,0.35805626598465473;
0.2607843137254902,0.26078421167935234,0.36283034953111676;
0.2642156862745098,0.2642155828856596,0.3676044330775789;
0.2676470588235294,0.26764695409196687,0.3723785166240409;
0.271078431372549,0.27107832529827414,0.37715260017050295;
0.27450980392156865,0.2745096965045814,0.38192668371696503;
0.27794117647058825,0.27794106771088867,0.38670076726342706;
0.2813725490196078,0.2813724389171959,0.3914748508098891;
0.28480392156862744,0.2848038101235032,0.3962489343563512;
0.28823529411764703,0.2882351813298105,0.4010230179028133;
0.2916666666666667,0.29166655253611773,0.40579710144927533;
0.2950980392156863,0.29509792374242505,0.4105711849957374;
0.2985294117647059,0.29852929494873226,0.4153452685421995;
0.30196078431372547,0.3019606661550396,0.4201193520886616;
0.30539215686274507,0.30539203736134685,0.4248934356351236;
0.30882352941176466,0.30882340856765406,0.4296675191815856;
0.3122549019607843,0.3122547797739614,0.4344416027280477;
0.3156862745098039,0.3156861509802686,0.4392156862745098;
0.3191176470588235,0.3191175221865759,0.4439897698209719;
0.32254901960784316,0.32371322935807584,0.44754889530644404;
0.32598039215686275,0.32843136580875115,0.450980268627522;
0.32941176470588235,0.33314950225942647,0.4544116419486;
0.33284313725490194,0.3378676387101018,0.45784301526967797;
0.3362745098039215,0.34258577516077704,0.4612743885907559;
0.33970588235294114,0.34730391161145246,0.46470576191183394;
0.34313725490196073,0.3520220480621278,0.46813713523291195;
0.3465686274509803,0.3567401845128031,0.4715685085539899;
0.35000000000000003,0.3614583209634784,0.4749998818750679;
0.35343137254901963,0.3661764574141538,0.47843125519614593;
0.3568627450980392,0.3708945938648291,0.4818626285172239;
0.3602941176470588,0.3756127303155044,0.48529400183830185;
0.36372549019607836,0.38033086676617966,0.4887253751593798;
0.367156862745098,0.3850490032168551,0.4921567484804579;
0.3705882352941176,0.3897671396675304,0.49558812180153583;
0.3740196078431372,0.3944852761182057,0.49901949512261384;
0.37745098039215685,0.39920341256888103,0.5024508684436918;
0.3808823529411765,0.40392154901955635,0.5058822417647698;
0.3843137254901961,0.40863968547023166,0.5093136150858478;
0.3877450980392157,0.41335782192090703,0.5127449884069257;
0.39117647058823524,0.4180759583715823,0.5161763617280037;
0.3946078431372549,0.42279409482225766,0.5196077350490818;
0.3980392156862745,0.42751223127293303,0.5230391083701598;
0.4014705882352941,0.43223036772360834,0.5264704816912377;
0.40490196078431373,0.43694850417428366,0.5299018550123157;
0.4083333333333333,0.441666640624959,0.5333332283333937;
0.4117647058823529,0.4463847770756343,0.5367646016544717;
0.4151960784313726,0.45110291352630966,0.5401959749755497;
0.4186274509803921,0.4558210499769849,0.5436273482966276;
0.42205882352941176,0.4605391864276603,0.5470587216177056;
0.42549019607843136,0.46525732287833566,0.5504900949387836;
0.42892156862745096,0.46997545932901097,0.5539214682598617;
0.43235294117647055,0.4746935957796863,0.5573528415809397;
0.4357843137254902,0.4794117322303616,0.5607842149020176;
0.4392156862745098,0.4841298686810369,0.5642155882230956;
0.4426470588235294,0.4888480051317122,0.5676469615441736;
0.446078431372549,0.49356614158238754,0.5710783348652515;
0.44950980392156864,0.49828427803306286,0.5745097081863295;
0.4529411764705881,0.5030024144837381,0.5779410815074074;
