function cmap = BrBG_r()

cmap = [0.0,0.23529411764705882,0.18823529411764706;
0.00015378700499807765,0.2417531718569781,0.19530949634755862;
0.0003075740099961553,0.24821222606689736,0.2023836985774702;
0.000461361014994233,0.2546712802768166,0.20945790080738177;
0.0006151480199923106,0.2611303344867359,0.21653210303729334;
0.0007689350249903883,0.26758938869665516,0.22360630526720493;
0.000922722029988466,0.2740484429065744,0.2306805074971165;
0.0010765090349865436,0.28050749711649364,0.23775470972702809;
0.0012302960399846212,0.2869665513264129,0.24482891195693965;
0.0013840830449826991,0.2934256055363322,0.25190311418685124;
0.0015378700499807767,0.29988465974625145,0.2589773164167628;
0.0016916570549788544,0.3063437139561707,0.26605151864667437;
0.001845444059976932,0.31280276816609,0.27312572087658593;
0.0019992310649750095,0.3192618223760092,0.2801999231064975;
0.0021530180699730873,0.3257208765859285,0.2872741253364091;
0.002306805074971165,0.33217993079584773,0.2943483275663207;
0.0024605920799692423,0.33863898500576706,0.30142252979623224;
0.00261437908496732,0.34509803921568627,0.3084967320261438;
0.0027681660899653983,0.35155709342560554,0.3155709342560554;
0.0029219530949634756,0.3580161476355248,0.32264513648596693;
0.0030757400999615533,0.3644752018454441,0.32971933871587855;
0.0032295271049596307,0.37093425605536334,0.33679354094579006;
0.003383314109957709,0.3773933102652826,0.3438677431757017;
0.003537101114955786,0.3838523644752019,0.35094194540561324;
0.003690888119953864,0.3903114186851211,0.3580161476355248;
0.0038446751249519412,0.3967704728950404,0.3650903498654364;
0.007920030757401,0.4037677816224529,0.37239523260284507;
0.01591695501730104,0.41130334486735876,0.3799307958477509;
0.023913879277201077,0.41883890811226454,0.3874663590926567;
0.031910803537101115,0.4263744713571703,0.3950019223375625;
0.039907727797001157,0.43391003460207617,0.4025374855824683;
0.04790465205690119,0.44144559784698195,0.4100730488273741;
0.055901576316801226,0.44898116109188774,0.4176086120722799;
0.06389850057670121,0.4565167243367935,0.4251441753171857;
0.0718954248366013,0.46405228758169936,0.4326797385620915;
0.07989234909650135,0.47158785082660515,0.4402153018069973;
0.08788927335640138,0.479123414071511,0.44775086505190315;
0.09588619761630136,0.4866589773164167,0.4552864282968089;
0.10388312187620145,0.49419454056132256,0.4628219915417147;
0.1118800461361015,0.5017301038062284,0.47035755478662056;
0.11987697039600154,0.5092656670511342,0.47789311803152634;
0.12787389465590152,0.51680123029604,0.48542868127643213;
0.1358708189158016,0.5243367935409458,0.49296424452133797;
0.14386774317570167,0.5318723567858517,0.5004998077662437;
0.15186466743560167,0.5394079200307574,0.5080353710111496;
0.15986159169550168,0.5469434832756632,0.5155709342560553;
0.1678585159554018,0.554479046520569,0.5231064975009612;
0.1758554402153018,0.5620146097654748,0.530642060745867;
0.1838523644752018,0.5695501730103807,0.5381776239907727;
0.19184928873510182,0.5770857362552864,0.5457131872356785;
0.19984621299500194,0.5846212995001923,0.5532487504805844;
0.20784313725490194,0.592156862745098,0.5607843137254902;
0.2193771626297578,0.6004613610149943,0.5684736639753941;
0.23091118800461352,0.6087658592848904,0.5761630142252979;
0.24244521337946942,0.6170703575547866,0.5838523644752018;
0.25397923875432526,0.6253748558246828,0.5915417147251057;
0.2655132641291811,0.633679354094579,0.5992310649750096;
0.2770472895040368,0.6419838523644751,0.6069204152249135;
0.2885813148788927,0.6502883506343714,0.6146097654748174;
0.30011534025374853,0.6585928489042676,0.6222991157247212;
0.31164936562860435,0.6668973471741637,0.6299884659746251;
0.32318339100346005,0.6752018454440599,0.6376778162245289;
0.334717416378316,0.6835063437139561,0.6453671664744328;
0.3462514417531718,0.6918108419838523,0.6530565167243367;
0.3577854671280276,0.7001153402537486,0.6607458669742406;
0.36931949250288343,0.7084198385236447,0.6684352172241445;
0.380853517877739,0.7167243367935408,0.6761245674740483;
0.39238754325259506,0.7250288350634371,0.6838139177239523;
0.4039215686274509,0.7333333333333333,0.6915032679738561;
0.4154555940023067,0.7416378316032295,0.69919261822376;
0.4269896193771625,0.7499423298731256,0.7068819684736639;
0.4385236447520183,0.7582468281430219,0.7145713187235677;
0.45005767012687414,0.766551326412918,0.7222606689734716;
0.46159169550172996,0.7748558246828142,0.7299500192233755;
0.47312572087658555,0.7831603229527103,0.7376393694732792;
0.4846597462514416,0.7914648212226065,0.7453287197231833;
0.4961937716262974,0.7997693194925029,0.7530180699730871;
0.5074202229911571,0.8061514801999231,0.7596309111880045;
0.5183391003460206,0.8106113033448673,0.7651672433679353;
0.5292579777008841,0.8150711264898116,0.7707035755478662;
0.5401768550557476,0.8195309496347558,0.7762399077277969;
0.5510957324106112,0.8239907727797001,0.7817762399077277;
0.5620146097654746,0.8284505959246443,0.7873125720876585;
0.5729334871203382,0.8329104190695886,0.7928489042675894;
0.5838523644752017,0.8373702422145328,0.7983852364475201;
0.5947712418300652,0.8418300653594771,0.8039215686274509;
0.6056901191849288,0.8462898885044213,0.8094579008073817;
0.6166089965397923,0.8507497116493656,0.8149942329873126;
0.6275278738946558,0.8552095347943098,0.8205305651672433;
0.6384467512495193,0.8596693579392541,0.8260668973471741;
0.6493656286043827,0.8641291810841983,0.8316032295271049;
0.6602845059592464,0.8685890042291426,0.8371395617070357;
0.6712033833141099,0.8730488273740868,0.8426758938869665;
0.6821222606689734,0.8775086505190312,0.8482122260668974;
0.6930411380238369,0.8819684736639753,0.8537485582468282;
0.7039600153787005,0.8864282968089197,0.8592848904267589;
0.714878892733564,0.8908881199538639,0.8648212226066897;
0.7257977700884275,0.8953479430988082,0.8703575547866206;
0.7367166474432909,0.8998077662437522,0.8758938869665512;
0.7476355247981545,0.9042675893886967,0.8814302191464821;
0.7585544021530181,0.9087274125336409,0.8869665513264129;
0.7694732795078816,0.9131872356785851,0.8925028835063438;
0.7803921568627451,0.9176470588235294,0.8980392156862745;
0.7874663590926567,0.9193387158785082,0.9004998077662438;
0.7945405613225682,0.9210303729334871,0.902960399846213;
0.8016147635524798,0.922722029988466,0.9054209919261823;
0.8086889657823912,0.9244136870434447,0.9078815840061515;
0.815763168012303,0.9261053440984237,0.9103421760861208;
0.8228373702422145,0.9277970011534025,0.91280276816609;
0.8299115724721261,0.9294886582083813,0.9152633602460593;
0.8369857747020377,0.9311803152633602,0.9177239523260284;
0.8440599769319492,0.9328719723183391,0.9201845444059977;
0.8511341791618608,0.9345636293733179,0.9226451364859669;
0.8582083813917725,0.9362552864282968,0.9251057285659362;
0.8652825836216839,0.9379469434832757,0.9275663206459054;
0.8723567858515956,0.9396386005382545,0.9300269127258747;
0.8794309880815071,0.9413302575932334,0.932487504805844;
0.8865051903114187,0.9430219146482123,0.9349480968858132;
0.8935793925413302,0.944713571703191,0.9374086889657824;
0.9006535947712418,0.9464052287581699,0.9398692810457516;
0.9077277970011535,0.9480968858131488,0.9423298731257209;
0.914801999231065,0.9497885428681276,0.9447904652056901;
0.9218762014609765,0.9514801999231065,0.9472510572856594;
0.9289504036908881,0.9531718569780854,0.9497116493656286;
0.9360246059207997,0.9548635140330642,0.9521722414455979;
0.9430988081507112,0.9565551710880431,0.9546328335255672;
0.9501730103806229,0.958246828143022,0.9570934256055363;
0.9572472126105345,0.9599384851980008,0.9595540176855056;
0.9608612072279893,0.9597846981930027,0.9569396386005383;
0.9610149942329873,0.9577854671280277,0.9492502883506344;
0.9611687812379854,0.9557862360630527,0.9415609381007305;
0.9613225682429835,0.9537870049980777,0.9338715878508267;
0.9614763552479816,0.9517877739331028,0.926182237600923;
0.9616301422529796,0.9497885428681276,0.9184928873510189;
0.9617839292579777,0.9477893118031526,0.9108035371011151;
