function cmap = CMRmap()

cmap = [0.0,0.0,0.0;
0.004705882352941176,0.004705882352941176,0.01568627450980392;
0.009411764705882352,0.009411764705882352,0.03137254901960784;
0.014117647058823528,0.014117647058823528,0.047058823529411764;
0.018823529411764704,0.018823529411764704,0.06274509803921569;
0.023529411764705882,0.023529411764705882,0.0784313725490196;
0.028235294117647056,0.028235294117647056,0.09411764705882353;
0.03294117647058823,0.03294117647058823,0.10980392156862745;
0.03764705882352941,0.03764705882352941,0.12549019607843137;
0.042352941176470586,0.042352941176470586,0.1411764705882353;
0.047058823529411764,0.047058823529411764,0.1568627450980392;
0.05176470588235294,0.05176470588235294,0.17254901960784313;
0.05647058823529411,0.05647058823529411,0.18823529411764706;
0.06117647058823529,0.06117647058823529,0.20392156862745098;
0.06588235294117646,0.06588235294117646,0.2196078431372549;
0.07058823529411765,0.07058823529411765,0.23529411764705882;
0.07529411764705882,0.07529411764705882,0.25098039215686274;
0.08,0.08,0.26666666666666666;
0.08470588235294117,0.08470588235294117,0.2823529411764706;
0.08941176470588234,0.08941176470588234,0.2980392156862745;
0.09411764705882353,0.09411764705882353,0.3137254901960784;
0.0988235294117647,0.0988235294117647,0.32941176470588235;
0.10352941176470588,0.10352941176470588,0.34509803921568627;
0.10823529411764705,0.10823529411764705,0.3607843137254902;
0.11294117647058823,0.11294117647058823,0.3764705882352941;
0.11764705882352941,0.11764705882352941,0.39215686274509803;
0.12235294117647058,0.12235294117647058,0.40784313725490196;
0.12705882352941175,0.12705882352941175,0.4235294117647059;
0.13176470588235292,0.13176470588235292,0.4392156862745098;
0.13647058823529412,0.13647058823529412,0.4549019607843137;
0.1411764705882353,0.1411764705882353,0.47058823529411764;
0.14588235294117646,0.14588235294117646,0.48627450980392156;
0.15058823529411763,0.15,0.5009803921568627;
0.15529411764705878,0.15,0.5088235294117647;
0.16,0.15,0.5166666666666667;
0.16470588235294117,0.15,0.5245098039215687;
0.16941176470588235,0.15,0.5323529411764706;
0.1741176470588235,0.15,0.5401960784313725;
0.17882352941176471,0.15,0.5480392156862746;
0.18352941176470589,0.15,0.5558823529411765;
0.18823529411764706,0.15,0.5637254901960784;
0.1929411764705882,0.15,0.5715686274509804;
0.1976470588235294,0.15,0.5794117647058823;
0.20235294117647057,0.15,0.5872549019607843;
0.20705882352941174,0.15,0.5950980392156863;
0.2117647058823529,0.15,0.6029411764705882;
0.2164705882352941,0.15,0.6107843137254902;
0.22117647058823528,0.15,0.6186274509803922;
0.22588235294117648,0.15,0.6264705882352941;
0.2305882352941176,0.15,0.634313725490196;
0.23529411764705882,0.15,0.642156862745098;
0.24,0.15,0.65;
0.24470588235294116,0.15,0.657843137254902;
0.2494117647058823,0.15,0.6656862745098039;
0.2541176470588235,0.15,0.6735294117647059;
0.2588235294117647,0.15,0.6813725490196079;
0.2635294117647059,0.15,0.6892156862745098;
0.268235294117647,0.15,0.6970588235294117;
0.27294117647058824,0.15,0.7049019607843137;
0.27764705882352936,0.15,0.7127450980392157;
0.2823529411764706,0.15,0.7205882352941176;
0.2870588235294117,0.15,0.7284313725490196;
0.2917647058823529,0.15,0.7362745098039216;
0.2964705882352941,0.15,0.7441176470588236;
0.3023529411764706,0.1503921568627451,0.7480392156862745;
0.31176470588235294,0.15196078431372548,0.7401960784313726;
0.3211764705882352,0.15352941176470586,0.7323529411764707;
0.3305882352941176,0.15509803921568627,0.7245098039215686;
0.33999999999999997,0.15666666666666668,0.7166666666666667;
0.3494117647058823,0.15823529411764706,0.7088235294117647;
0.3588235294117647,0.15980392156862744,0.7009803921568627;
0.36823529411764705,0.16137254901960785,0.6931372549019608;
0.3776470588235294,0.16294117647058823,0.6852941176470588;
0.3870588235294118,0.16450980392156864,0.6774509803921569;
0.39647058823529396,0.166078431372549,0.669607843137255;
0.40588235294117647,0.16764705882352943,0.6617647058823529;
0.4152941176470588,0.1692156862745098,0.653921568627451;
0.42470588235294116,0.1707843137254902,0.6460784313725491;
0.4341176470588235,0.1723529411764706,0.638235294117647;
0.44352941176470584,0.17392156862745098,0.6303921568627451;
0.4529411764705882,0.17549019607843136,0.6225490196078431;
0.4623529411764705,0.17705882352941177,0.6147058823529412;
0.47176470588235275,0.17862745098039212,0.6068627450980393;
0.48117647058823526,0.18019607843137256,0.5990196078431372;
0.49058823529411766,0.18176470588235294,0.5911764705882353;
0.5,0.18333333333333335,0.5833333333333334;
0.5094117647058823,0.18490196078431373,0.5754901960784313;
0.5188235294117647,0.1864705882352941,0.5676470588235294;
0.528235294117647,0.18803921568627452,0.5598039215686275;
0.5376470588235294,0.1896078431372549,0.5519607843137255;
0.5470588235294116,0.19117647058823528,0.5441176470588236;
0.556470588235294,0.1927450980392157,0.5362745098039216;
0.5658823529411765,0.1943137254901961,0.5284313725490196;
0.5752941176470587,0.19588235294117648,0.5205882352941177;
0.5847058823529412,0.19745098039215686,0.5127450980392156;
0.5941176470588234,0.19901960784313727,0.5049019607843137;
0.6047058823529412,0.20058823529411765,0.4958823529411765;
0.6172549019607843,0.20215686274509806,0.48490196078431375;
0.6298039215686273,0.2037254901960784,0.47392156862745116;
0.6423529411764706,0.20529411764705882,0.46294117647058824;
0.6549019607843137,0.20686274509803923,0.4519607843137255;
0.6674509803921569,0.2084313725490196,0.44098039215686274;
0.6799999999999999,0.21000000000000002,0.43;
0.6925490196078431,0.2115686274509804,0.41901960784313724;
0.7050980392156863,0.21313725490196078,0.4080392156862745;
0.7176470588235294,0.2147058823529412,0.3970588235294118;
0.7301960784313724,0.21627450980392154,0.38607843137254916;
0.7427450980392156,0.21784313725490195,0.3750980392156863;
0.7552941176470588,0.21941176470588236,0.36411764705882355;
0.7678431372549019,0.22098039215686274,0.3531372549019608;
0.7803921568627451,0.22254901960784315,0.34215686274509804;
0.7929411764705883,0.22411764705882353,0.3311764705882353;
0.8054901960784313,0.2256862745098039,0.32019607843137254;
0.8180392156862745,0.22725490196078432,0.3092156862745098;
0.8305882352941174,0.22882352941176468,0.29823529411764726;
0.8431372549019608,0.2303921568627451,0.28725490196078435;
0.855686274509804,0.2319607843137255,0.2762745098039216;
0.868235294117647,0.23352941176470587,0.26529411764705885;
0.8807843137254902,0.23509803921568628,0.25431372549019615;
0.8933333333333333,0.23666666666666666,0.24333333333333335;
0.9058823529411765,0.23823529411764705,0.23235294117647065;
0.9184313725490196,0.23980392156862745,0.2213725490196079;
0.9309803921568626,0.2413725490196078,0.21039215686274532;
0.9435294117647058,0.24294117647058824,0.1994117647058824;
0.956078431372549,0.24450980392156862,0.18843137254901965;
0.9686274509803922,0.24607843137254903,0.1774509803921569;
0.9811764705882353,0.24764705882352941,0.16647058823529415;
0.9937254901960784,0.2492156862745098,0.1554901960784314;
0.9984313725490196,0.25392156862745097,0.1476470588235294;
0.9952941176470588,0.26176470588235295,0.14294117647058824;
0.9921568627450981,0.2696078431372549,0.13823529411764707;
0.9890196078431372,0.2774509803921569,0.13352941176470587;
0.9858823529411765,0.2852941176470586,0.12882352941176484;
0.9827450980392157,0.2931372549019608,0.12411764705882353;
0.9796078431372549,0.30098039215686273,0.11941176470588236;
0.9764705882352941,0.3088235294117647,0.11470588235294117;
0.9733333333333334,0.31666666666666665,0.10999999999999999;
0.9701960784313726,0.32450980392156864,0.10529411764705882;
0.9670588235294117,0.3323529411764706,0.10058823529411764;
0.9639215686274509,0.34019607843137256,0.09588235294117647;
0.9607843137254902,0.3480392156862745,0.09117647058823529;
0.9576470588235294,0.3558823529411765,0.08647058823529412;
0.9545098039215686,0.3637254901960784,0.08176470588235293;
0.9513725490196079,0.3715686274509804,0.07705882352941176;
