function cmap = CMRmap_r()

cmap = [1.0,1.0,1.0;
0.9968627450980392,0.9968627450980392,0.9843137254901961;
0.9937254901960785,0.9937254901960785,0.9686274509803922;
0.9905882352941177,0.9905882352941177,0.9529411764705882;
0.9874509803921568,0.9874509803921568,0.9372549019607843;
0.9843137254901961,0.9843137254901961,0.9215686274509804;
0.9811764705882353,0.9811764705882353,0.9058823529411765;
0.9780392156862745,0.9780392156862745,0.8901960784313725;
0.9749019607843137,0.9749019607843137,0.8745098039215686;
0.971764705882353,0.971764705882353,0.8588235294117648;
0.9686274509803922,0.9686274509803922,0.8431372549019608;
0.9654901960784313,0.9654901960784313,0.8274509803921568;
0.9623529411764706,0.9623529411764706,0.8117647058823529;
0.9592156862745098,0.9592156862745098,0.7960784313725491;
0.956078431372549,0.956078431372549,0.7803921568627451;
0.9529411764705883,0.9529411764705883,0.7647058823529411;
0.9498039215686275,0.9498039215686275,0.7490196078431373;
0.9466666666666667,0.9466666666666667,0.7333333333333334;
0.943529411764706,0.943529411764706,0.7176470588235294;
0.9403921568627451,0.9403921568627451,0.7019607843137254;
0.9372549019607843,0.9372549019607843,0.6862745098039216;
0.9341176470588235,0.9341176470588235,0.6705882352941177;
0.9309803921568628,0.9309803921568628,0.6549019607843137;
0.927843137254902,0.927843137254902,0.6392156862745098;
0.9247058823529412,0.9247058823529412,0.6235294117647059;
0.9215686274509804,0.9215686274509804,0.607843137254902;
0.9184313725490196,0.9184313725490196,0.592156862745098;
0.9152941176470588,0.9152941176470588,0.5764705882352941;
0.9121568627450981,0.9121568627450981,0.5607843137254902;
0.9090196078431373,0.9090196078431373,0.5450980392156863;
0.9058823529411765,0.9058823529411765,0.5294117647058824;
0.9027450980392158,0.9027450980392158,0.5137254901960784;
0.9,0.8994117647058824,0.4984313725490196;
0.9,0.8947058823529412,0.48588235294117654;
0.9,0.89,0.47333333333333333;
0.9,0.8852941176470589,0.4607843137254902;
0.9,0.8805882352941177,0.44823529411764707;
0.9,0.8758823529411766,0.435686274509804;
0.9,0.8711764705882353,0.42313725490196075;
0.9,0.8664705882352941,0.41058823529411764;
0.9,0.861764705882353,0.39803921568627454;
0.9,0.8570588235294119,0.3854901960784315;
0.9,0.8523529411764706,0.3729411764705882;
0.9,0.8476470588235294,0.36039215686274506;
0.9,0.8429411764705883,0.34784313725490196;
0.9,0.8382352941176471,0.3352941176470589;
0.9,0.8335294117647059,0.3227450980392157;
0.9,0.8288235294117647,0.31019607843137254;
0.9,0.8241176470588235,0.2976470588235294;
0.9,0.8194117647058824,0.2850980392156863;
0.9,0.8147058823529412,0.27254901960784317;
0.9,0.81,0.26;
0.9,0.8052941176470588,0.24745098039215685;
0.9,0.8005882352941177,0.2349019607843138;
0.9,0.7958823529411765,0.2223529411764706;
0.9,0.7911764705882353,0.20980392156862743;
0.9,0.7864705882352941,0.19725490196078432;
0.9,0.781764705882353,0.18470588235294128;
0.9,0.7770588235294118,0.172156862745098;
0.9,0.7723529411764706,0.1596078431372549;
0.9,0.7676470588235293,0.14705882352941174;
0.9,0.7629411764705882,0.1345098039215687;
0.9,0.7582352941176471,0.12196078431372548;
0.9,0.7535294117647059,0.10941176470588232;
0.9,0.7480392156862745,0.09921568627450982;
0.9,0.7401960784313726,0.09607843137254903;
0.9,0.7323529411764707,0.09294117647058829;
0.9,0.7245098039215686,0.08980392156862746;
0.9,0.7166666666666667,0.08666666666666667;
0.9,0.7088235294117647,0.08352941176470588;
0.9,0.7009803921568627,0.0803921568627451;
0.9,0.6931372549019608,0.07725490196078431;
0.9,0.6852941176470588,0.07411764705882354;
0.9,0.6774509803921569,0.07098039215686275;
0.9,0.669607843137255,0.06784313725490201;
0.9,0.6617647058823529,0.06470588235294117;
0.9,0.653921568627451,0.06156862745098039;
0.9,0.6460784313725491,0.05843137254901961;
0.9,0.638235294117647,0.05529411764705883;
0.9,0.6303921568627451,0.05215686274509804;
0.9,0.6225490196078431,0.04901960784313726;
0.9,0.6147058823529412,0.04588235294117648;
0.9,0.6068627450980393,0.04274509803921574;
0.9,0.5990196078431372,0.039607843137254906;
0.9,0.5911764705882353,0.03647058823529413;
0.9,0.5833333333333334,0.03333333333333334;
0.9,0.5754901960784313,0.03019607843137255;
0.9,0.5676470588235294,0.027058823529411774;
0.9,0.5598039215686275,0.023921568627450984;
0.9,0.5519607843137255,0.020784313725490194;
0.9,0.5441176470588236,0.01764705882352946;
0.9,0.5362745098039216,0.014509803921568629;
0.9,0.5284313725490196,0.011372549019607853;
0.9,0.5205882352941177,0.008235294117647063;
0.9,0.5127450980392156,0.005098039215686273;
0.9,0.5049019607843137,0.001960784313725497;
0.9011764705882354,0.4970588235294118,0.001764705882352941;
0.9043137254901961,0.4892156862745098,0.006470588235294118;
0.9074509803921569,0.48137254901960796,0.011176470588235227;
0.9105882352941177,0.47352941176470587,0.01588235294117647;
0.9137254901960784,0.46568627450980393,0.020588235294117647;
0.9168627450980392,0.45784313725490194,0.025294117647058825;
0.92,0.45,0.03;
0.9231372549019607,0.442156862745098,0.03470588235294118;
0.9262745098039216,0.4343137254901961,0.039411764705882354;
0.9294117647058824,0.4264705882352941,0.04411764705882353;
0.9325490196078431,0.4186274509803923,0.04882352941176464;
0.9356862745098039,0.4107843137254902,0.05352941176470588;
0.9388235294117647,0.40294117647058825,0.05823529411764706;
0.9419607843137255,0.39509803921568626,0.06294117647058824;
0.9450980392156862,0.3872549019607843,0.06764705882352941;
0.9482352941176471,0.37941176470588234,0.07235294117647059;
0.9513725490196079,0.3715686274509804,0.07705882352941175;
0.9545098039215686,0.36372549019607847,0.08176470588235293;
0.9576470588235294,0.3558823529411766,0.08647058823529404;
0.9607843137254902,0.3480392156862745,0.09117647058823529;
0.9639215686274509,0.34019607843137256,0.09588235294117646;
0.9670588235294117,0.33235294117647063,0.10058823529411763;
0.9701960784313726,0.32450980392156864,0.10529411764705882;
0.9733333333333334,0.31666666666666665,0.10999999999999999;
0.9764705882352941,0.3088235294117647,0.11470588235294116;
0.9796078431372549,0.3009803921568628,0.11941176470588234;
0.9827450980392156,0.2931372549019609,0.12411764705882344;
0.9858823529411764,0.2852941176470588,0.1288235294117647;
0.9890196078431372,0.2774509803921569,0.13352941176470587;
0.9921568627450981,0.26960784313725494,0.13823529411764704;
0.9952941176470588,0.26176470588235295,0.1429411764705882;
0.9984313725490196,0.25392156862745097,0.1476470588235294;
0.9937254901960785,0.2492156862745098,0.15549019607843137;
0.9811764705882353,0.24764705882352941,0.16647058823529412;
0.9686274509803922,0.24607843137254903,0.17745098039215684;
0.956078431372549,0.24450980392156862,0.1884313725490196;
0.9435294117647063,0.24294117647058827,0.19941176470588204;
0.9309803921568628,0.24137254901960783,0.2103921568627451;
0.9184313725490196,0.23980392156862745,0.22137254901960784;
0.9058823529411765,0.23823529411764707,0.2323529411764706;
0.8933333333333333,0.23666666666666666,0.24333333333333332;
0.8807843137254902,0.23509803921568628,0.25431372549019604;
0.868235294117647,0.23352941176470587,0.2652941176470588;
0.855686274509804,0.2319607843137255,0.27627450980392154;
0.8431372549019608,0.2303921568627451,0.2872549019607843;
0.8305882352941176,0.2288235294117647,0.29823529411764704;
0.8180392156862745,0.22725490196078432,0.3092156862745098;
0.8054901960784313,0.22568627450980394,0.32019607843137254;
0.7929411764705883,0.22411764705882353,0.3311764705882353;
0.7803921568627451,0.22254901960784315,0.34215686274509804;
0.7678431372549019,0.22098039215686274,0.3531372549019608;
0.7552941176470588,0.21941176470588236,0.36411764705882355;
0.7427450980392161,0.217843137254902,0.37509803921568596;
0.7301960784313726,0.21627450980392157,0.38607843137254905;
0.7176470588235293,0.2147058823529412,0.3970588235294118;
0.7050980392156863,0.21313725490196078,0.40803921568627455;
0.6925490196078431,0.2115686274509804,0.4190196078431373;
0.6799999999999999,0.21000000000000002,0.42999999999999994;
