function cmap = copper()

cmap = [0.0,0.0,0.0;
0.004844289517606619,0.003063529411764706,0.0019509803921568627;
0.009688579035213238,0.006127058823529412,0.0039019607843137254;
0.014532868552819857,0.009190588235294117,0.0058529411764705885;
0.019377158070426476,0.012254117647058823,0.007803921568627451;
0.024221447588033095,0.01531764705882353,0.009754901960784313;
0.029065737105639713,0.018381176470588234,0.011705882352941177;
0.03391002662324633,0.021444705882352942,0.01365686274509804;
0.03875431614085295,0.024508235294117647,0.015607843137254902;
0.04359860565845957,0.02757176470588235,0.017558823529411766;
0.04844289517606619,0.03063529411764706,0.019509803921568626;
0.05328718469367281,0.03369882352941177,0.02146078431372549;
0.05813147421127943,0.03676235294117647,0.023411764705882354;
0.06297576372888604,0.039825882352941176,0.025362745098039215;
0.06782005324649266,0.042889411764705884,0.02731372549019608;
0.07266434276409928,0.045952941176470585,0.02926470588235294;
0.0775086322817059,0.04901647058823529,0.031215686274509803;
0.08235292179931251,0.05208,0.033166666666666664;
0.08719721131691914,0.0551435294117647,0.03511764705882353;
0.09204150083452575,0.05820705882352941,0.03706862745098039;
0.09688579035213238,0.06127058823529412,0.03901960784313725;
0.10173007986973899,0.06433411764705882,0.04097058823529412;
0.10657436938734562,0.06739764705882353,0.04292156862745098;
0.11141865890495223,0.07046117647058824,0.04487254901960784;
0.11626294842255885,0.07352470588235294,0.04682352941176471;
0.12110723794016547,0.07658823529411765,0.04877450980392157;
0.12595152745777208,0.07965176470588235,0.05072549019607843;
0.1307958169753787,0.08271529411764705,0.05267647058823529;
0.13564010649298533,0.08577882352941177,0.05462745098039216;
0.14048439601059196,0.08884235294117647,0.05657843137254902;
0.14532868552819855,0.09190588235294117,0.05852941176470588;
0.15017297504580518,0.09496941176470589,0.060480392156862746;
0.1550172645634118,0.09803294117647059,0.062431372549019606;
0.15986155408101838,0.10109647058823529,0.06438235294117646;
0.16470584359862503,0.10416,0.06633333333333333;
0.16955013311623165,0.10722352941176472,0.0682843137254902;
0.17439442263383828,0.1102870588235294,0.07023529411764706;
0.17923871215144485,0.1133505882352941,0.07218627450980392;
0.1840830016690515,0.11641411764705882,0.07413725490196078;
0.18892729118665813,0.11947764705882354,0.07608823529411765;
0.19377158070426476,0.12254117647058824,0.0780392156862745;
0.19861587022187133,0.12560470588235292,0.07999019607843136;
0.20346015973947798,0.12866823529411764,0.08194117647058824;
0.2083044492570846,0.13173176470588235,0.08389215686274511;
0.21314873877469123,0.13479529411764707,0.08584313725490196;
0.2179930282922978,0.13785882352941176,0.08779411764705881;
0.22283731780990446,0.14092235294117647,0.08974509803921568;
0.22768160732751108,0.14398588235294119,0.09169607843137255;
0.2325258968451177,0.14704941176470587,0.09364705882352942;
0.23737018636272428,0.1501129411764706,0.09559803921568627;
0.24221447588033093,0.1531764705882353,0.09754901960784314;
0.24705876539793756,0.15624000000000002,0.0995;
0.25190305491554416,0.1593035294117647,0.10145098039215686;
0.2567473444331508,0.1623670588235294,0.10340196078431371;
0.2615916339507574,0.1654305882352941,0.10535294117647058;
0.26643592346836403,0.16849411764705882,0.10730392156862746;
0.27128021298597066,0.17155764705882354,0.10925490196078431;
0.27612450250357723,0.17462117647058822,0.11120588235294117;
0.2809687920211839,0.17768470588235294,0.11315686274509804;
0.28581308153879054,0.18074823529411765,0.1151078431372549;
0.2906573710563971,0.18381176470588234,0.11705882352941176;
0.29550166057400373,0.18687529411764706,0.11900980392156862;
0.30034595009161036,0.18993882352941177,0.12096078431372549;
0.305190239609217,0.19300235294117649,0.12291176470588236;
0.3100345291268236,0.19606588235294117,0.12486274509803921;
0.31487881864443024,0.19912941176470586,0.12681372549019607;
0.31972310816203675,0.20219294117647058,0.12876470588235292;
0.3245673976796435,0.2052564705882353,0.1307156862745098;
0.32941168719725006,0.20832,0.13266666666666665;
0.3342559767148567,0.2113835294117647,0.1346176470588235;
0.3391002662324633,0.21444705882352944,0.1365686274509804;
0.34394455575006994,0.21751058823529412,0.13851960784313727;
0.34878884526767656,0.2205741176470588,0.14047058823529412;
0.3536331347852832,0.22363764705882352,0.14242156862745098;
0.3584774243028897,0.2267011764705882,0.14437254901960783;
0.3633217138204964,0.22976470588235295,0.1463235294117647;
0.368166003338103,0.23282823529411764,0.14827450980392157;
0.37301029285570964,0.23589176470588233,0.15022549019607842;
0.37785458237331626,0.23895529411764707,0.1521764705882353;
0.3826988718909229,0.2420188235294118,0.15412745098039216;
0.3875431614085295,0.24508235294117647,0.156078431372549;
0.39238745092613614,0.24814588235294116,0.15802941176470586;
0.39723174044374265,0.25120941176470585,0.15998039215686272;
0.40207602996134933,0.2542729411764706,0.16193137254901963;
0.40692031947895596,0.2573364705882353,0.16388235294117648;
0.4117646089965626,0.26039999999999996,0.16583333333333333;
0.4166088985141692,0.2634635294117647,0.16778431372549021;
0.42145318803177584,0.2665270588235294,0.16973529411764707;
0.42629747754938246,0.26959058823529414,0.17168627450980392;
0.4311417670669891,0.2726541176470588,0.17363725490196077;
0.4359860565845956,0.2757176470588235,0.17558823529411763;
0.4408303461022023,0.27878117647058825,0.1775392156862745;
0.4456746356198089,0.28184470588235294,0.17949019607843136;
0.45051892513741554,0.28490823529411763,0.18144117647058822;
0.45536321465502216,0.28797176470588237,0.1833921568627451;
0.4602075041726288,0.29103529411764706,0.18534313725490195;
0.4650517936902354,0.29409882352941175,0.18729411764705883;
0.46989608320784204,0.29716235294117643,0.1892450980392157;
0.47474037272544856,0.3002258823529412,0.19119607843137254;
0.47958466224305524,0.3032894117647059,0.19314705882352942;
0.48442895176066186,0.3063529411764706,0.19509803921568628;
0.4892732412782685,0.3094164705882353,0.19704901960784313;
0.4941175307958751,0.31248000000000004,0.199;
0.49896182031348174,0.3155435294117647,0.20095098039215686;
0.5038061098310883,0.3186070588235294,0.20290196078431372;
0.5086503993486949,0.3216705882352941,0.20485294117647057;
0.5134946888663016,0.3247341176470588,0.20680392156862742;
0.5183389783839082,0.3277976470588235,0.2087549019607843;
0.5231832679015148,0.3308611764705882,0.21070588235294116;
0.5280275574191214,0.3339247058823529,0.21265686274509804;
0.5328718469367281,0.33698823529411764,0.21460784313725492;
0.5377161364543347,0.3400517647058824,0.21655882352941178;
0.5425604259719413,0.3431152941176471,0.21850980392156863;
0.5474047154895479,0.34617882352941176,0.22046078431372548;
0.5522490050071545,0.34924235294117645,0.22241176470588234;
0.5570932945247612,0.3523058823529412,0.22436274509803922;
0.5619375840423678,0.3553694117647059,0.22631372549019607;
0.5667818735599744,0.35843294117647057,0.22826470588235293;
0.5716261630775811,0.3614964705882353,0.2302156862745098;
0.5764704525951876,0.36456,0.23216666666666666;
0.5813147421127942,0.3676235294117647,0.2341176470588235;
0.5861590316304008,0.3706870588235294,0.23606862745098037;
0.5910033211480075,0.3737505882352941,0.23801960784313725;
0.5958476106656141,0.37681411764705885,0.23997058823529413;
0.6006919001832207,0.37987764705882354,0.24192156862745098;
0.6055361897008273,0.38294117647058823,0.24387254901960784;
0.610380479218434,0.38600470588235297,0.24582352941176472;
0.6152247687360406,0.38906823529411766,0.24777450980392157;
0.6200690582536472,0.39213176470588235,0.24972549019607843;
0.6249133477712538,0.39519529411764703,0.2516764705882353;
0.6297576372888605,0.3982588235294117,0.25362745098039213;
0.6346019268064671,0.4013223529411764,0.255578431372549;
0.6394462163240735,0.40438588235294115,0.25752941176470584;
0.6442905058416803,0.4074494117647059,0.25948039215686275;
