function cmap = copper_r()

cmap = [1.0,0.7812,0.4975;
1.0,0.7781364705882353,0.49554901960784314;
1.0,0.7750729411764706,0.4935980392156863;
1.0,0.7720094117647058,0.49164705882352944;
1.0,0.7689458823529411,0.48969607843137253;
1.0,0.7658823529411765,0.4877450980392157;
1.0,0.7628188235294118,0.4857941176470588;
1.0,0.7597552941176471,0.48384313725490197;
1.0,0.7566917647058824,0.4818921568627451;
1.0,0.7536282352941177,0.4799411764705882;
1.0,0.7505647058823529,0.47799019607843135;
1.0,0.7475011764705882,0.4760392156862745;
1.0,0.7444376470588235,0.47408823529411764;
1.0,0.7413741176470589,0.4721372549019608;
1.0,0.7383105882352942,0.47018627450980394;
1.0,0.7352470588235294,0.4682352941176471;
1.0,0.7321835294117647,0.4662843137254902;
1.0,0.72912,0.4643333333333333;
1.0,0.7260564705882353,0.46238235294117647;
1.0,0.7229929411764706,0.4604313725490196;
1.0,0.7199294117647059,0.45848039215686276;
1.0,0.7168658823529412,0.45652941176470585;
1.0,0.7138023529411764,0.454578431372549;
1.0,0.7107388235294118,0.45262745098039214;
1.0,0.7076752941176471,0.4506764705882353;
1.0,0.7046117647058824,0.44872549019607844;
1.0,0.7015482352941177,0.4467745098039216;
1.0,0.6984847058823529,0.44482352941176473;
1.0,0.6954211764705882,0.4428725490196078;
1.0,0.6923576470588235,0.44092156862745097;
1.0,0.6892941176470588,0.4389705882352941;
1.0,0.6862305882352941,0.43701960784313726;
1.0,0.6831670588235295,0.4350686274509804;
1.0,0.6801035294117648,0.43311764705882355;
1.0,0.67704,0.4311666666666667;
1.0,0.6739764705882353,0.4292156862745098;
1.0,0.6709129411764706,0.42726470588235294;
1.0,0.6678494117647059,0.4253137254901961;
1.0,0.6647858823529412,0.42336274509803923;
1.0,0.6617223529411764,0.4214117647058824;
1.0,0.6586588235294117,0.41946078431372547;
1.0,0.655595294117647,0.41750980392156867;
1.0,0.6525317647058824,0.41555882352941176;
1.0,0.6494682352941177,0.4136078431372549;
1.0,0.646404705882353,0.41165686274509805;
1.0,0.6433411764705883,0.4097058823529412;
1.0,0.6402776470588235,0.40775490196078434;
1.0,0.6372141176470588,0.40580392156862743;
1.0,0.6341505882352941,0.4038529411764706;
0.9979236406269635,0.6310870588235294,0.4019019607843137;
0.9930793511093569,0.6280235294117646,0.3999509803921569;
0.9882350615917502,0.62496,0.398;
0.9833907720741436,0.6218964705882353,0.3960490196078431;
0.978546482556537,0.6188329411764706,0.3940980392156863;
0.9737021930389304,0.6157694117647059,0.3921470588235294;
0.9688579035213237,0.6127058823529412,0.39019607843137255;
0.9640136140037171,0.6096423529411765,0.3882450980392157;
0.9591693244861105,0.6065788235294118,0.38629411764705884;
0.9543250349685038,0.603515294117647,0.384343137254902;
0.9494807454508972,0.6004517647058824,0.3823921568627451;
0.9446364559332906,0.5973882352941177,0.3804411764705882;
0.9397921664156841,0.594324705882353,0.3784901960784314;
0.9349478768980775,0.5912611764705882,0.3765392156862745;
0.9301035873804708,0.5881976470588235,0.37458823529411767;
0.9252592978628642,0.5851341176470588,0.37263725490196076;
0.9204150083452576,0.5820705882352941,0.37068627450980396;
0.915570718827651,0.5790070588235294,0.36873529411764705;
0.9107264293100443,0.5759435294117647,0.3667843137254902;
0.9058821397924377,0.5728800000000001,0.36483333333333334;
0.9010378502748311,0.5698164705882354,0.3628823529411765;
0.8961935607572244,0.5667529411764706,0.36093137254901964;
0.8913492712396178,0.5636894117647059,0.3589803921568627;
0.8865049817220112,0.5606258823529412,0.3570294117647059;
0.8816606922044046,0.5575623529411765,0.355078431372549;
0.8768164026867981,0.5544988235294118,0.35312745098039217;
0.8719721131691913,0.551435294117647,0.3511764705882353;
0.8671278236515847,0.5483717647058823,0.3492254901960784;
0.8622835341339781,0.5453082352941176,0.3472745098039216;
0.8574392446163714,0.542244705882353,0.3453235294117647;
0.8525949550987648,0.5391811764705883,0.34337254901960784;
0.8477506655811582,0.5361176470588236,0.341421568627451;
0.8429063760635517,0.5330541176470589,0.33947058823529414;
0.838062086545945,0.5299905882352942,0.3375196078431373;
0.8332177970283384,0.5269270588235294,0.3355686274509804;
0.8283735075107318,0.5238635294117647,0.3336176470588235;
0.8235292179931252,0.5208,0.33166666666666667;
0.8186849284755185,0.5177364705882352,0.32971568627450976;
0.8138406389579119,0.5146729411764706,0.32776470588235296;
0.8089963494403053,0.5116094117647059,0.32581372549019605;
0.8041520599226987,0.5085458823529412,0.32386274509803925;
0.7993077704050922,0.5054823529411765,0.32191176470588234;
0.7944634808874854,0.5024188235294118,0.3199607843137255;
0.7896191913698788,0.49935529411764706,0.31800980392156863;
0.7847749018522723,0.4962917647058824,0.3160588235294118;
0.7799306123346657,0.49322823529411763,0.3141078431372549;
0.775086322817059,0.49016470588235295,0.312156862745098;
0.7702420332994524,0.48710117647058826,0.31020588235294116;
0.7653977437818458,0.4840376470588236,0.3082549019607843;
0.7605534542642391,0.48097411764705883,0.30630392156862746;
0.7557091647466325,0.4779105882352941,0.3043529411764706;
0.7508648752290259,0.4748470588235294,0.3024019607843137;
0.7460205857114193,0.4717835294117647,0.3004509803921569;
0.7411762961938126,0.46871999999999997,0.2985;
0.736332006676206,0.4656564705882353,0.29654901960784313;
0.7314877171585994,0.4625929411764706,0.2945980392156863;
0.7266434276409928,0.4595294117647059,0.2926470588235294;
0.7217991381233863,0.4564658823529412,0.2906960784313726;
0.7169548486057795,0.4534023529411765,0.28874509803921566;
0.7121105590881729,0.4503388235294118,0.28679411764705887;
0.7072662695705663,0.4472752941176471,0.28484313725490196;
0.7024219800529596,0.44421176470588236,0.28289215686274505;
0.697577690535353,0.4411482352941176,0.28094117647058825;
0.6927334010177464,0.43808470588235293,0.27899019607843134;
0.6878891115001399,0.43502117647058824,0.27703921568627454;
0.6830448219825332,0.43195764705882356,0.27508823529411763;
0.6782005324649266,0.4288941176470588,0.2731372549019608;
0.67335624294732,0.4258305882352941,0.2711862745098039;
0.6685119534297134,0.42276705882352944,0.2692352941176471;
0.6636676639121069,0.4197035294117647,0.2672843137254902;
0.6588233743945002,0.41664,0.2653333333333333;
0.6539790848768936,0.4135764705882353,0.2633823529411765;
0.649134795359287,0.4105129411764706,0.2614313725490196;
0.6442905058416803,0.4074494117647059,0.25948039215686275;
0.6394462163240737,0.40438588235294115,0.2575294117647059;
0.6346019268064671,0.40132235294117646,0.255578431372549;
0.6297576372888605,0.3982588235294118,0.2536274509803922;
0.6249133477712538,0.39519529411764703,0.2516764705882353;
0.6200690582536472,0.39213176470588235,0.24972549019607843;
0.6152247687360406,0.38906823529411766,0.24777450980392157;
0.610380479218434,0.38600470588235297,0.24582352941176472;
0.6055361897008273,0.3829411764705883,0.24387254901960786;
0.6006919001832207,0.3798776470588236,0.241921568627451;
0.5958476106656143,0.37681411764705885,0.23997058823529416;
0.5910033211480075,0.3737505882352941,0.23801960784313725;
0.5861590316304008,0.3706870588235294,0.2360686274509804;
0.5813147421127942,0.3676235294117647,0.23411764705882354;
0.5764704525951876,0.36456,0.2321666666666667;
0.571626163077581,0.3614964705882353,0.23021568627450983;
0.5667818735599743,0.3584329411764706,0.22826470588235298;
0.5619375840423677,0.35536941176470593,0.22631372549019613;
0.5570932945247611,0.35230588235294114,0.22436274509803922;
0.5522490050071546,0.34924235294117645,0.2224117647058823;
0.5474047154895479,0.34617882352941176,0.22046078431372546;
0.5425604259719413,0.3431152941176471,0.2185098039215686;
0.5377161364543347,0.3400517647058824,0.21655882352941175;
0.5328718469367281,0.33698823529411764,0.2146078431372549;
0.5280275574191214,0.33392470588235296,0.21265686274509804;
0.5231832679015148,0.33086117647058827,0.2107058823529412;
0.5183389783839083,0.3277976470588236,0.20875490196078433;
0.5134946888663017,0.3247341176470588,0.20680392156862742;
