function cmap = cubehelix_r()

cmap = [1.0,1.0,1.0;
0.9931364666184066,0.997910312571035,0.9942763880483225;
0.9861613495096943,0.9958275152101835,0.9888201400017161;
0.9790884816583497,0.9937438643990664,0.983635063111714;
0.9719318448372511,0.9916516913430938,0.9787241580488575;
0.9647055345598645,0.9895434198437888,0.9740896186266301;
0.957423725058525,0.9874115838253467,0.9697328333088168;
0.9501006343616617,0.9852488444813527,0.9656543884843511;
0.9427504895421589,0.983048007008566,0.9618540734902816;
0.935387492208237,0.9808020368957101,0.9583308873600971;
0.9280257843073016,0.9785040757363161,0.9550830472713414;
0.9206794143121342,0.9761474565358058,0.9521079986631938;
0.9133623038576015,0.9737257184842087,0.9494024269915201;
0.9060882148947342,0.9712326211671591,0.9469622710858077;
0.8988707174275696,0.9686621581891097,0.944782738069391;
0.8917231578965971,0.9660085701840486,0.942858319801462;
0.8846586282709467,0.9632663571903799,0.9411828107965424;
0.8776899359096741,0.9604302903680535,0.9397493275743778;
0.8708295742505839,0.957495423037482,0.9385503293906091;
0.8640896943830253,0.9544571010212727,0.9375776402960758;
0.8574820775589872,0.9513109722713152,0.9368224724702247;
0.8510181086946101,0.9480529957653149,0.9362754507718345;
0.8447087509119424,0.94467944965842,0.9359266384481265;
0.8385645211683802,0.9411869386771845,0.9357655639413166;
0.8325954670187771,0.9375724007447074,0.9357812487297815;
0.826811144552662,0.9338331128274076,0.9359622361392606;
0.8212205975464022,0.929966695995521,0.936296621057897;
0.8158323378674702,0.9259711196910424,0.9367720804874462;
0.8106543271652416,0.9218447051984724,0.9373759048616408;
0.8056939598799596,0.9175861283153747,0.9380950300615061;
0.8009580475986687,0.9131944212213802,0.9389160700563687;
0.7964528047840354,0.908668973545918,0.9398253500983916;
0.7921838358990575,0.9040095326365704,0.9408089403977152;
0.7881561239477163,0.8992162030315665,0.9418526902046614;
0.7843740204486436,0.8942894451415311,0.9429422622250019;
0.7808412368558877,0.8892300731471833,0.9440631672939666;
0.7775608374378459,0.884039252121245,0.9452007992345051;
0.7745352336224168,0.8787184943843577,0.9463404698252864;
0.7717661798134018,0.8732696551063165,0.947467443804052;
0.7692547706801687,0.8676949271654195,0.948566973832207;
0.7670014399195808,0.8619968352801741,0.9496243353469522;
0.7650059604862026,0.85617822942903,0.9506248612278181;
0.7632674462838152,0.850242277575182,0.9515539762051686;
0.7617843553083321,0.8441924577148293,0.9523972309390826;
0.7605544942292889,0.8380325492685804,0.9531403356980039;
0.7595750243941969,0.8317666238369421,0.9537691935676673;
0.7588424692372241,0.8253990353420474,0.9542699331220588;
0.7583527230708712,0.8189344095789305,0.9546289404895484;
0.7581010612365786,0.8123776332007712,0.9548328907488411;
0.7580821515875237,0.8057338421635857,0.9548687785910233;
0.7582900672742546,0.799008409656843,0.9547239481857313;
0.7587183008012618,0.7922069335474338,0.9543861221913403;
0.7593597793201138,0.7853352233653044,0.9538434298510479;
0.7602068811223923,0.7783992868598993,0.9530844341188128;
0.7612514532933455,0.7714053161573218,0.9520981577613095;
0.7624848304849502,0.7643596735488288,0.9508741083843375;
0.763897854764939,0.7572688769419182,0.9494023023345208;
0.7654808964963004,0.750139585005845,0.9476732874295974;
0.7672238761998175,0.7429785820439159,0.9456781644731656;
0.769116287350359,0.7357927626253576,0.9434086075123853;
0.771147220055902,0.7285891160099365,0.9408568827998472;
0.7733053855666262,0.7213747103988148,0.9380158664236004;
0.7755791415598958,0.7141566770453828,0.9348790605721731;
0.7779565181455343,0.7069421942599752,0.9314406084043191;
0.7804252445344994,0.6997384713424936,0.9276953074961729;
0.7829727763128884,0.6925527324769974,0.9236386218414918;
0.7855863232621401,0.6853922006222988,0.9192666923836995;
0.7882528776653618,0.6782640814325028,0.9145763460615122;
0.7909592430388954,0.6711755472412727,0.9095651033530252;
0.7936920632275367,0.6641337211433711,0.904231184306253;
0.7964378518012613,0.6571456612067331,0.8985735130472496;
0.7991830216908599,0.6502183448479701,0.8925917207600751;
0.8019139149995763,0.6433586534037702,0.8862861471360158;
0.8046168329276406,0.6365733569301846,0.8796578402926125;
0.8072780657465353,0.6298690992612296,0.8727085551661735;
0.809883922759887,0.6232523833576228,0.8654407503845682;
0.812420762188067,0.6167295569758052,0.8578575836301946;
0.814875020913895,0.6103067986866638,0.8499629055060692;
0.8172332440272755,0.6039901042725871,0.8417612519210355;
0.8194821141071595,0.597785273530641,0.8332578350130668;
0.821608480179902,0.5916978975087561,0.8244585326325982;
0.8235993862938871,0.5857333462008708,0.8153698764107113;
0.825442099651216,0.5798967567259778,0.8059990384398479;
0.827124138238282,0.5741930220149737,0.796353816597497;
0.8286332978982134,0.568626780028125,0.7864426185460245;
0.8299576787894205,0.5632024035248272,0.7762744444444445;
0.8310857111758566,0.5579239904061606,0.765858868410509;
0.832006180496077,0.552795354649532,0.7552060187739601;
0.8327082516597568,0.5478200178534429,0.7443265571641985;
0.8331814925220116,0.5430012014091432,0.7332316564779161;
0.833415896487632,0.5383418193146124,0.7219329777744575;
0.8334019041992173,0.5338444716449702,0.71044264614878;
0.8331304242651412,0.5295114386920498,0.698773225633891;
0.8325928529853291,0.5253446757844744,0.6869376931865354;
0.831781093034943,0.5213458087981693,0.6749494118117053;
0.8306875710682655,0.5175161303658079,0.6628221028832032;
0.8293052542073496,0.5138565967922508,0.6505698177190583;
0.8276276653823276,0.5103678256815796,0.6382069084720281;
0.8256488974926798,0.5070500942798608,0.6257479983967315;
0.8233636263612124,0.5039033385363091,0.6132079515561488;
0.8207671224550108,0.500927152884039,0.6006018420312877;
0.817855261350185,0.49812079074012605,0.5879449226987432;
0.8146245329198283,0.49548316572322215,0.5752525936416857;
0.8110720492272496,0.49301285358550617,0.5625403702604811;
0.8071955511092054,0.49070809485429095,0.5498238511496727;
0.8029934134365606,0.4885667981771633,0.5371186858084777;
0.7984646490425262,0.48658654436309784,0.5244405422521965;
0.7936089113113556,0.48476459111057146,0.5118050745920791;
0.788426495423136,0.48309787841230833,0.49922789065118384;
0.7829183382530567,0.48158303462490826,0.48672451968362596;
0.7770860169262988,0.4802163831902654,0.4743103802643427;
0.7709317460324374,0.4789939499943594,0.4620007484160897;
0.7644583735059833,0.4779114713477098,0.44981072603984695;
0.7576693751824222,0.47696440257052414,0.4377552097141371;
0.7505688480418067,0.476147927164348,0.42584885992795596;
0.7431615021546352,0.47545696655083425,0.4141060708110845;
0.7354526513473983,0.4748861903571046,0.4025409404244894;
0.7274482026077794,0.47443002722606903,0.39116724167233563;
0.7191546442520655,0.47408267612900734,0.3799983938958308;
0.7105790328798448,0.47383811815670224,0.36904743520768857;
0.7017289791435338,0.47369012876444405,0.3583269956244587;
0.6926126323626934,0.47363229044531197,0.3478492710523138;
0.6832386640154413,0.47365800580526857,0.3376259981801124;
0.6736162501415541,0.47376051101279304,0.32766843033168314;
0.663755052694073,0.4739328895950206,0.3179873143272981;
0.6536651998783573,0.4741680865516545,0.3085928684022194;
0.6433572655196068,0.4744589227572726,0.29949476122803864;
0.6328422475018423,0.4747981096220677,0.29070209208025455;
0.6221315453232313,0.4751782639805349,0.28222337219318755;
0.6112369368144521,0.47559192317715726,0.2740665073408962;
0.6001705540684914,0.4760315603177387,0.2662387816802486;
0.5889448586318915,0.47648959965469645,0.25874684288971816;
0.5775726160089699,0.4769584320743491,0.2515966886348248;
0.5660668695319436,0.4774304306540262,0.24479365438842796;
0.5544409136511972,0.47789796625667885,0.2383424026313099;
0.5427082667011206,0.4783534231305908,0.23224691345566498;
0.5308826431980371,0.4787892144817698,0.22651047659124834;
0.5189779257277026,0.4791977979866502,0.22113568487102592;
