function cmap = cubehelix()

cmap = [0.0,0.0,0.0;
0.006716294741447103,0.0021185743613995906,0.00597023288155738;
0.013252415285460728,0.00428749900576095,0.01216178886697956;
0.019599198317800597,0.006513601303033923,0.018563039127345624;
0.025748104430187494,0.00880348230351031,0.025161867171587502;
0.031691233349396,0.011163502753757985,0.031945702318386754;
0.03742133763493212,0.013599769753652026,0.03890155390603582;
0.04293183482770897,0.016118124077735142,0.04601604616361855;
0.04821681803535116,0.01872412818265829,0.053275453666033826;
0.05327106494298589,0.021423054920937448,0.06066573729471121;
0.05809004524160909,0.024219876979716743,0.06817258062534762;
0.06266992646934202,0.02711925706165498,0.07578142666363122;
0.06700757826411259,0.030125538823454635,0.08347751484971086;
0.0711005750294981,0.033242738585933594,0.09124591825211792;
0.07494719701864877,0.0364745378279025,0.09907158087195042;
0.07854642984436605,0.03982427647445866,0.10693935497838603;
0.08189796242653116,0.04329494698864347,0.11483403839700104;
0.08500218339116374,0.04688918927373824,0.12274041167293223;
0.08786017593842758,0.05060928639179554,0.13064327503162995;
0.09047371119989064,0.05445716110232384,0.13852748506080714;
0.0928452401082787,0.05843437322336474,0.14637799103819257;
0.0949778838058352,0.06254211781552795,0.15417987083084048;
0.09687542262020574,0.06678122418788301,0.16191836629303405;
0.09854228363950114,0.07115215572295082,0.16957891809124037;
0.09998352692085306,0.07565501051639596,0.17714719988612818;
0.10120483036935347,0.08028952282539623,0.18460915180334375;
0.1022124733267644,0.08505506531806008,0.19195101312654872;
0.10301331891178689,0.08995065211468102,0.19915935414815394;
0.10361479515598847,0.09497494261006116,0.20622110711523312;
0.104024874981701,0.10012624606460865,0.2131235962102581;
0.10425205507031031,0.10540252695041774,0.21985456650857077;
0.10430533367136455,0.11080141103707787,0.22640221185687606;
0.10419418740482515,0.11632019220053316,0.2327552016195138;
0.10392854711056776,0.12195583993692868,0.23890270624183174;
0.10351877280091128,0.12770500756203546,0.2448344215826347;
0.1029756277735051,0.1335640410755471,0.2505405919704192;
0.10231025194333628,0.13952898866828906,0.2560120319409181;
0.10153413445392945,0.14559561084917677,0.26124014661635997;
0.10065908562899659,0.15175939116760714,0.2662169506897997;
0.09969720832685408,0.15801554750586727,0.2709350859808844;
0.09866086876085636,0.16435904391510084,0.2753878375324802;
0.09756266684989742,0.17078460296738385,0.2795691482206972;
0.09641540616370546,0.17728671859553138,0.28347363185399654;
0.0952320635281978,0.18385966939138826,0.28709658474025446;
0.09402575835657287,0.19049753233254862,0.29043399570386697;
0.09280972177209738,0.19719419690670295,0.2934825545382206;
0.09159726558869188,0.20394337960213008,0.29623965888210324;
0.09040175121543563,0.21073863873223592,0.29870341951189405;
0.0892365585509959,0.21757338956148978,0.3008726640446374;
0.08811505493374118,0.22444091969962535,0.30274693905036704;
0.08705056421292393,0.23133440473055777,0.3043265105753017;
0.08605633600581403,0.23824692404212,0.30561236308077167;
0.08514551520503576,0.24517147682244278,0.30660619680595214;
0.08433111179960413,0.25210099818859155,0.3073104235656677;
0.08362597107228092,0.2590283754129313,0.30772816099768746;
0.08304274423486754,0.26594646421261964,0.307863225277045;
0.08259385956193721,0.27284810506762325,0.3077201223179875;
0.0822914940822713,0.27972613953271874,0.30730403748717383;
0.08214754588591847,0.28657342650907236,0.30662082385470435;
0.08217360710333568,0.2933828584411944,0.3056769890124602;
0.08238093761150347,0.3001473774053336,0.3044796804920607;
0.08278043952023958,0.3068599910557119,0.30303666981750255;
0.08338263249016203,0.31351378839540034,0.3013563352302212;
0.08419762993188756,0.32010195533910435,0.2994476431269095;
0.08523511613408935,0.32661779003565533,0.2973201282529313;
0.08650432436599098,0.3330547179185978,0.29498387269658305;
0.08801401599773798,0.33940630645391495,0.2924494837317682;
0.08977246067987679,0.345666279554647,0.28972807055886346;
0.09178741762088061,0.35182853163293015,0.2868312199956633;
0.09406611799930162,0.3578871412608098,0.2837709711722866;
0.09661524854470346,0.3638363844120639,0.28055978928581427;
0.09944093631903905,0.36967074725820875,0.27721053847219584;
0.10254873472759682,0.3753849384928446,0.27373645385460954;
0.10594361078604106,0.3809739011595331,0.27015111282899046;
0.10962993366743318,0.386432823959482,0.2664684056488389;
0.11361146455043755,0.39175715201643607,0.26270250537269685;
0.11789134778719829,0.39694259707734425,0.2588678372388254;
0.12247210340662779,0.4019851471285789,0.2549790475326246;
0.1273556209660727,0.40688107540873075,0.2510509720132212;
0.13254315476153455,0.41162694880028095,0.24709860396639094;
0.13803532040381689,0.41621963558376807,0.24313706195159093;
0.14383209276515602,0.4206563125394059,0.239181557311351;
0.14993280529807912,0.424934471382481,0.23524736151160613;
0.1563361507254181,0.42905192452025087,0.2313497733817495;
0.1630401830976045,0.4330068101194783,0.22750408632324462;
0.1700423212105796,0.43679759647517286,0.22372555555555548;
0.17733935337488022,0.44042308567255956,0.22002936546794022;
0.18492744352371565,0.4438824165357551,0.21643059714529816;
0.19280213864513238,0.4471750668581099,0.21294419613577564;
0.2009583775206801,0.45030085491064903,0.20958494052721036;
0.20939050075035193,0.4532599402265316,0.20636740939874193;
0.2180922620409734,0.45605282366093597,0.20330595171302718;
0.22705684073266794,0.45868034672725755,0.20041465571348596;
0.23627685553553793,0.46114369021199075,0.19770731888985724;
0.24574437944626382,0.463444372072136,0.1951974185740818;
0.25545095581196187,0.4655842446204368,0.19289808322713511;
0.26538761550634205,0.4675654910052002,0.1908220644759285;
0.2755448951809807,0.46939062099288875,0.18898170995777128;
0.2859128565523805,0.4710624660630873,0.18738893702815024;
0.29648110668342353,0.47258417382683937,0.18605520738573791;
0.30723881921584234,0.47395920178072126,0.18499150266658945;
0.31817475650845256,0.47519131041036283,0.18420830105743566;
0.32927729263408284,0.4762845556584382,0.1837155549758328;
0.34053443718644866,0.4772432807734319,0.18352266986268476;
0.35193385984661285,0.4780721075567351,0.1836384841303252;
0.36346291565717626,0.47877592702683464,0.18407125030693286;
0.37510867095095474,0.47935988952053404,0.18482861741555928;
0.3868579298796123,0.4798293942522737,0.18591761462348488;
0.39869726148654816,0.48019007835370575,0.18734463619497924;
0.4106130272672762,0.48044780541672255,0.1891154277778484;
0.42259140915958887,0.48060865356413107,0.19123507405138968;
0.4346184379049671,0.48067890307311123,0.19370798776056802;
0.4466800217219925,0.4806650235774908,0.19653790015837083;
0.4587619752319175,0.48057366087571074,0.19972785287539777;
0.47085004857608587,0.48041162337214066,0.2032801912328106;
0.48292995666454097,0.4801858681801365,0.2071965590118011;
0.49498740849493095,0.4799034869159042,0.21147789468974837;
0.5070081364807173,0.47957169121285,0.21612442915022925;
0.5189779257277026,0.4791977979866502,0.22113568487102592;
0.5308826431980371,0.4787892144817698,0.22651047659124834;
0.5427082667011206,0.4783534231305908,0.23224691345566498;
0.5544409136511972,0.47789796625667885,0.2383424026313099;
0.5660668695319436,0.4774304306540262,0.24479365438842796;
0.5775726160089698,0.4769584320743491,0.25159668863482476;
0.5889448586318913,0.4764895996546965,0.25874684288971805;
0.6001705540684912,0.47603156031773874,0.2662387816802485;
0.6112369368144521,0.47559192317715726,0.2740665073408962;
0.6221315453232313,0.4751782639805349,0.28222337219318755;
0.6328422475018423,0.4747981096220677,0.29070209208025455;
0.6433572655196068,0.4744589227572726,0.29949476122803864;
0.6536651998783573,0.4741680865516545,0.3085928684022194;
0.663755052694073,0.4739328895950206,0.3179873143272981;
0.6736162501415541,0.47376051101279304,0.32766843033168314;
