function cmap = flag_r()

cmap = [0.0,0.0,0.0;
0.0,0.0,0.20978926505574663;
0.0,0.0,0.4930701148153364;
0.0,0.0,0.7773816095344698;
0.0,0.0,1.0;
0.19705924634608252,0.3612416661871555,1.0;
0.4792127109954403,0.6872366859692632,1.0;
0.7644577585591504,0.9110226492460878,1.0;
1.0,0.9993170601430232,1.0;
1.0,0.9389883606150584,0.8155673183737417;
1.0,0.7390089172206544,0.5346375939843016;
1.0,0.4291206087726173,0.24855640449846317;
1.0,0.05541147491596701,0.0;
0.8280861171434173,0.0,0.0;
0.548476070257432,0.0,0.0;
0.2616564353135741,0.0,0.0;
0.0102843708618931,0.0,0.0;
0.0,0.0,0.1595071251953334;
0.0,0.0,0.4377020080030239;
0.0,0.0,0.7251621397623149;
0.0,0.0,0.9791351042389701;
0.14721664553891922,0.29138974688932384,1.0;
0.42390136097067266,0.6317110062532597,1.0;
0.7119038221737447,0.8780812480836956,1.0;
0.9683909551406802,0.9938591368952745,1.0;
1.0,0.9618256431728215,0.8649533589251405;
1.0,0.7867449380334812,0.5898732984461619;
1.0,0.49465584339979,0.3014268603759691;
1.0,0.1289992165301898,0.04251314903970094;
0.8769987321514652,0.0,0.0;
0.6036172662139025,0.0,0.0;
0.314825355470953,0.0,0.0;
0.05357348456058092,0.0,0.0;
0.0,0.0,0.11108463934387158;
0.0,0.0,0.382674151219826;
0.0,0.0,0.6717129124625982;
0.0,0.0,0.9352137256724836;
0.09930082507858262,0.2199463578396643,1.0;
0.36900563532344866,0.5727351400805116,1.0;
0.6581925405938482,0.8403440716378958,1.0;
0.9238523108169479,0.9829730996839025,1.0;
1.0,0.9794097676013656,0.912346150785551;
1.0,0.8301840308155508,0.6446181461174147;
1.0,0.5574894393428756,0.3553818538825806;
1.0,0.20188240915700048,0.08765384921444497;
0.9238523108169461,0.0,0.0;
0.658192540593846,0.0,0.0;
0.369005635323436,0.0,0.0;
0.09930082507858079,0.0,0.0;
0.0,0.0,0.06478627432751155;
0.0,0.0,0.328287087537396;
0.0,0.0,0.6173258487801682;
0.0,0.0,0.8889153606561234;
0.05357348456058264,0.1473016980546296,1.0;
0.3148253554709552,0.5106311931809105,1.0;
0.6036172662139152,0.7980172272802408,1.0;
0.8769987321514671,0.9667184042691875,1.0;
1.0,0.991644695510743,0.9574868509602953;
1.0,0.8690889463055302,0.6985731396240262;
1.0,0.6172782212897864,0.41012670155383335;
1.0,0.27366299007207673,0.13504664107485537;
0.9683909551406702,0.0,0.0;
0.7119038221737426,0.0,0.0;
0.42390136097067044,0.0,0.0;
0.14721664553891722,0.0,0.0;
0.0,0.0,0.020864895761025348;
0.0,0.0,0.2748378602376897;
0.0,0.0,0.5622979919969703;
0.0,0.0,0.8404928748046614;
0.010284370861886716,0.07385252747486239,1.0;
0.26165643531357613,0.4457383557765388,1.0;
0.5484760702574342,0.7513318895568724,1.0;
0.8280861171434193,0.945183828160823,1.0;
1.0,0.9984636039674343,1.0;
1.0,0.903247199346126,0.7514435955015424;
1.0,0.6736956436465537,0.46536240601569373;
1.0,0.3439489186339255,0.18443268162625392;
1.0,0.0,0.0;
0.7644577585591484,0.0,0.0;
0.4792127109954381,0.0,0.0;
0.19705924634608046,0.0,0.0;
0.0,0.0,0.0;
0.0,0.0,0.22261839046552478;
0.0,0.0,0.5069298851846683;
0.0,0.0,0.7902107349442578;
0.0,0.0,1.0;
0.20978926505574086,0.3784110500423207,1.0;
0.4930701148153302,0.7005430375932874,1.0;
0.7773816095344838,0.9184869857459259,1.0;
1.0,0.9998292504580525,1.0;
1.0,0.9324722294043546,0.8029407536539208;
1.0,0.7264335740162184,0.5207872890045581;
1.0,0.4123563174738977,0.23554224144084301;
1.0,0.036951499389140566,0.0;
0.8155673183737329,0.0,0.0;
0.5346375939843024,0.0,0.0;
0.24855640449845395,0.0,0.0;
0.0,0.0,0.0;
0.0,0.0,0.17191388285657938;
0.0,0.0,0.4515239297425644;
0.0,0.0,0.7383435646864276;
0.0,0.0,0.9897156291381042;
0.15950712519534682,0.30901699437495467,1.0;
0.437702008003023,0.6459280624867862,1.0;
0.7251621397623191,0.8867736859200636,1.0;
0.9791351042389693,0.995734176295034,1.0;
1.0,0.956604419500441,0.8527833544610793;
1.0,0.7752039761111268,0.5760986390293257;
1.0,0.4785115691012779,0.28809617782624863;
1.0,0.11065268189150011,0.031609044859322644;
0.8649533589251366,0.0,0.0;
0.5898732984461629,0.0,0.0;
0.30142686037596483,0.0,0.0;
0.04251314903971004,0.0,0.0;
0.0,0.0,0.12300126784853627;
0.0,0.0,0.39638273378608324;
0.0,0.0,0.6851746445290485;
0.0,0.0,0.9464265154394076;
0.1110846393438753,0.23793519504262273,1.0;
0.38267415121982506,0.5877852522924748,1.0;
0.6717129124626026,0.8502171357296179,1.0;
0.9352137256724828,0.9862007473534022,1.0;
1.0,0.9755119679804359,0.9006991749214159;
1.0,0.8197404829072164,0.630994364676555;
1.0,0.5420533564724441,0.34180745940613977;
1.0,0.18374951781656615,0.07614768918305509;
0.9123461507855474,0.0,0.0;
0.6446181461174104,0.0,0.0;
0.3553818538825867,0.0,0.0;
0.08765384921445019,0.0,0.0;
0.0,0.0,0.07614768918305526;
0.0,0.0,0.3418074594061451;
0.0,0.0,0.6309943646765603;
0.0,0.0,0.9006991749214162;
0.06478627432751516,0.16555387618413042,1.0;
0.3282870875374003,0.5264321628773545,1.0;
0.6173258487801725,0.8090169943749453,1.0;
0.8889153606561272,0.9712810319161125,1.0;
1.0,0.9890916083711471,0.946426515439416;
1.0,0.8597998514483737,0.6851746445290535;
1.0,0.6026346363792543,0.3963827337860831;
1.0,0.25584277759443497,0.12300126784853149;
0.9574868509602917,0.0,0.0;
0.6985731396240323,0.0,0.0;
0.4101267015538395,0.0,0.0;
0.1350466410748608,0.0,0.0;
0.0,0.0,0.03160904485932281;
0.0,0.0,0.28809617782624874;
0.0,0.0,0.5760986390293206;
0.0,0.0,0.8527833544610842;
0.02086489576102879,0.09226835946330597,1.0;
0.27483786023768375,0.46220388354031494,1.0;
0.5622979919969746,0.763398282741103,1.0;
0.8404928748046558,0.951056516295153,1.0;
1.0,0.9972691733857884,0.9897156291381121;
1.0,0.895163291355065,0.7383435646864325;
1.0,0.6599245348787179,0.45152392974256417;
1.0,0.32653871284007935,0.17191388285657927;
1.0,0.0,0.0;
0.7514435955015433,0.0,0.0;
0.4653624060156946,0.0,0.0;
0.18443268162626442,0.0,0.0;
0.0,0.0,0.0;
0.0,0.0,0.23554224144084818;
0.0,0.0,0.5207872890045582;
0.0,0.0,0.802940753653921;
0.0,0.01847890495913031,1.0;
0.2226183904655239,0.3954512068705411,1.0;
0.5069298851846674,0.7136101544117498,1.0;
0.790210734944257,0.9256376597815542,1.0;
1.0,1.0,1.0;
1.0,0.9256376597815572,0.7902107349442625;
1.0,0.7136101544117505,0.5069298851846655;
1.0,0.39545120687053875,0.22261839046552212;
1.0,0.01847890495912774,0.0;
0.8029407536539217,0.0,0.0;
0.5207872890045643,0.0,0.0;
0.23554224144085134,0.0,0.0;
0.0,0.0,0.0;
0.0,0.0,0.18443268162625892;
0.0,0.0,0.46536240601569123;
0.0,0.0,0.7514435955015476;
0.0,0.0,1.0;
0.171913882856581,0.32653871284008174,1.0;
0.4515239297425661,0.6599245348787225,1.0;
0.7383435646864241,0.8951632913550615,1.0;
0.9897156291381055,0.9972691733857878,1.0;
1.0,0.9510565162951554,0.8404928748046636;
1.0,0.7633982827411013,0.5622979919969754;
1.0,0.4622038835403095,0.2748378602376845;
1.0,0.09226835946329986,0.02086489576102729;
0.8527833544610826,0.0,0.0;
0.5760986390293292,0.0,0.0;
0.28809617782625463,0.0,0.0;
0.031609044859327584,0.0,0.0;
0.0,0.0,0.1350466410748532;
0.0,0.0,0.4101267015538335;
0.0,0.0,0.6985731396240342;
0.0,0.0,0.9574868509602934;
0.12300126784853549,0.255842777594434,1.0;
0.3963827337860876,0.6026346363792563,1.0;
0.6851746445290476,0.8597998514483713,1.0;
0.9464265154394111,0.9890916083711454,1.0;
1.0,0.9712810319161153,0.8889153606561324;
1.0,0.8090169943749459,0.6173258487801706;
1.0,0.5264321628773523,0.32828708753739844;
1.0,0.1655538761841279,0.06478627432751138;
0.9006991749214167,0.0,0.0;
0.6309943646765611,0.0,0.0;
0.34180745940614843,0.0,0.0;
0.07614768918305809,0.0,0.0;
0.0,0.0,0.08765384921444513;
0.0,0.0,0.35538185388258203;
0.0,0.0,0.644618146117415;
0.0,0.0,0.9123461507855513;
0.0761476891830567,0.18374951781657042,1.0;
0.3418074594061468,0.5420533564724478,1.0;
0.6309943646765568,0.8197404829072199,1.0;
0.900699174921413,0.9755119679804357,1.0;
1.0,0.9862007473534036,0.9352137256724901;
1.0,0.8502171357296119,0.6717129124625981;
1.0,0.5877852522924712,0.3826741512198245;
1.0,0.2379351950426168,0.11108463934387025;
0.9464265154394146,0.0,0.0;
0.6851746445290505,0.0,0.0;
0.39638273378609057,0.0,0.0;
0.12300126784853804,0.0,0.0;
0.0,0.0,0.04251314903970427;
0.0,0.0,0.30142686037596284;
0.0,0.0,0.5898732984461648;
0.0,0.0,0.864953358925143;
