function cmap = gist_earth()

cmap = [0.0,0.0,0.0;
0.002613453313336666,0.0,0.1686920060331825;
0.005226906626673332,0.0,0.2216635612620683;
0.007840359940009999,0.0,0.2638054941773664;
0.010453813253346664,0.0,0.3059474270926645;
0.013067266566683331,0.0,0.3480893600079626;
0.015680719880019997,0.0,0.39023129292326064;
0.01829417319335666,0.0,0.43237322583855875;
0.020907626506693328,0.008907333285683652,0.4547451483157366;
0.023521079820029996,0.017927417625616466,0.45560590578861027;
0.026134533133366663,0.02694750196554928,0.45631678775095696;
0.02874798644670333,0.035967586305482094,0.45702766971330366;
0.031361439760039994,0.04498767064541491,0.45773855167565036;
0.033974893073376665,0.054007754985347725,0.45844943363799706;
0.03658834638671332,0.06302783932528054,0.45916031560034376;
0.03920179970004999,0.07204792366521336,0.45987119756269046;
0.041815253013386657,0.08106800800514617,0.4605820795250371;
0.04442870632672333,0.09008809234507899,0.4612929614873838;
0.04704215964005999,0.09910817668501179,0.4620038434497305;
0.049655612953396655,0.10812826102494462,0.4627147254120772;
0.052269066266733326,0.11714834536487742,0.4634256073744239;
0.05488251958006998,0.12616842970481024,0.4641364893367706;
0.05749597289340666,0.13518851404474305,0.4648473712991173;
0.06010942620674332,0.14420859838467587,0.46555825326146394;
0.06272287952007999,0.15322868272460868,0.46626913522381064;
0.06533633283341665,0.1622487670645415,0.46698001718615734;
0.06794978614675333,0.17126885140447431,0.46769089914850404;
0.07056323946008998,0.18028893574440713,0.46840178111085073;
0.07317669277342664,0.18930815743419407,0.46911266307319743;
0.07579014608676332,0.19746559162827243,0.4698235450355441;
0.07840359940009999,0.2056230258223508,0.4705344269978908;
0.08101705271343665,0.21378046001642917,0.4712453089602375;
0.08363050602677331,0.22193789421050752,0.4719561909225842;
0.08624395934010996,0.23009532840458582,0.4726670728849309;
0.08885741265344665,0.23825276259866424,0.47337795484727757;
0.09147086596678332,0.2464101967927426,0.47408883680962427;
0.09408431928011998,0.25456763098682095,0.4747997187719709;
0.09669777259345662,0.2627250651808992,0.4755106007343176;
0.09931122590679331,0.27088249937497766,0.4762214826966643;
0.10192467922012999,0.27903993356905604,0.476932364659011;
0.10453813253346665,0.2871973677631344,0.4776432466213577;
0.10715158584680329,0.2953548019572127,0.4783541285837044;
0.10976503916013997,0.3035110004094445,0.4790650105460511;
0.11237849247347666,0.31084460670579134,0.47977589250839775;
0.11499194578681332,0.3181782130021382,0.48048677447074445;
0.11760539910014996,0.325511819298485,0.48119765643309115;
0.12021885241348663,0.3328454255948319,0.48190853839543785;
0.1228323057268233,0.3401790318911787,0.48261942035778455;
0.12544575904015998,0.3475126381875256,0.48333030232013124;
0.12805921235349663,0.35484624448387236,0.4840411842824779;
0.1306726656668333,0.36217985078021925,0.4847520662448246;
0.13328611898016995,0.36951345707656613,0.4854629482071713;
0.13589957229350666,0.37684706337291296,0.486173830169518;
0.13851302560684328,0.3841681753666613,0.4868847121318647;
0.14112647892017996,0.3903659359722441,0.4875955940942114;
0.14373993223351664,0.3965636965778268,0.4883064760565581;
0.1463533855468533,0.40276145718340955,0.4890173580189048;
0.14896683886018997,0.4089592177889922,0.4897282399812514;
0.15158029217352664,0.415156978394575,0.4904391219435981;
0.1541937454868633,0.4213547390001577,0.4911500039059448;
0.15680719880019997,0.4275524996057404,0.4918608858682915;
0.15942065211353662,0.43375026021132307,0.4925717678306382;
0.1620341054268733,0.4399480208169058,0.4932826497929849;
0.16464755874020998,0.44614578142248856,0.49399353175533156;
0.16726101205354663,0.45234354202807125,0.49470441371767826;
0.1698744653668833,0.458541302633654,0.49541529568002496;
0.17248791868021993,0.46473906323923664,0.49612617764237166;
0.17510137199355663,0.47093682384481944,0.49683705960471836;
0.1777148253068933,0.47713458445040213,0.49754794156706506;
0.18032827862022996,0.4833323450559849,0.49825882352941175;
0.18294173193356664,0.48953010566156757,0.4989697054917584;
0.18555518524690331,0.49572786626715026,0.4996805874541051;
0.18816863856023996,0.501925626872733,0.5003914694164519;
0.19002743319550042,0.5042304347826086,0.49565724681625223;
0.19187706193588544,0.5064879598662207,0.49085688934282345;
0.19372669067627052,0.5087454849498327,0.4860565318693945;
0.19557631941665554,0.5110030100334448,0.48125617439596563;
0.1974259481570406,0.5132605351170568,0.47645581692253675;
0.19927557689742564,0.5155180602006689,0.47165545944910786;
0.20112520563781067,0.5177755852842809,0.466855101975679;
0.20297483437819572,0.520033110367893,0.46205474450225015;
0.20482446311858077,0.522290635451505,0.45725438702882126;
0.2066740918589658,0.524548160535117,0.45245402955539243;
0.20852372059935084,0.5268056856187291,0.4476536720819635;
0.2103733493397359,0.5290632107023412,0.44285331460853467;
0.21222297808012094,0.5313207357859532,0.4380529571351058;
0.21407260682050597,0.5335782608695653,0.4332525996616769;
0.21592223556089102,0.5358357859531773,0.428452242188248;
0.21777186430127607,0.5380933110367894,0.4236518847148192;
0.2196214930416611,0.5403508361204014,0.4188515272413903;
0.22147112178204612,0.5426083612040133,0.41405116976796147;
0.2233207505224312,0.5448658862876254,0.40925081229453253;
0.22517037926281624,0.5471234113712375,0.40445045482110364;
0.22702000800320127,0.5493809364548495,0.3996500973476748;
0.22886963674358632,0.5516384615384615,0.39484973987424593;
0.23071926548397137,0.5538959866220736,0.39004938240081705;
0.2325688942243564,0.5561535117056856,0.38524902492738816;
0.23441852296474144,0.5584110367892977,0.38044866745395933;
0.23626815170512647,0.5606685618729097,0.3756483099805305;
0.23811778044551152,0.5629260869565218,0.37084795250710156;
0.23996740918589657,0.5651836120401338,0.3660475950336727;
0.24181703792628162,0.5674411371237459,0.3612472375602438;
0.24366666666666664,0.5696986622073579,0.3564468800868149;
0.2455162954070517,0.57195618729097,0.3516465226133861;
0.24736592414743674,0.574213712374582,0.3468461651399572;
0.24921555288782177,0.5764712374581941,0.34204580766652837;
0.2510651816282068,0.578728762541806,0.33724545019309954;
0.25291481036859187,0.5809862876254182,0.3324450927196706;
0.2547644391089769,0.5832438127090301,0.3276447352462417;
0.25661406784936197,0.5855013377926422,0.32284437777281283;
0.258463696589747,0.5877588628762542,0.31804402029938394;
0.260313325330132,0.5900163879598663,0.31324366282595506;
0.26216295407051704,0.5922739130434783,0.30844330535252623;
0.2640125828109021,0.5945314381270903,0.30364294787909735;
0.26586221155128714,0.5967889632107024,0.2988425904056685;
0.2677118402916722,0.5990464882943144,0.29404223293223963;
0.26956146903205724,0.6013040133779265,0.28924187545881075;
0.27145230207382287,0.6035615384615385,0.28444151798538186;
0.2801693143776357,0.6058190635451506,0.279641160511953;
0.2888863266814486,0.6080765886287626,0.2748408030385241;
0.2976033389852615,0.6103341137123747,0.27706648409363743;
0.30632035128907437,0.6125916387959867,0.27935239845938376;
0.3150373635928871,0.6148491638795988,0.28163831282513;
0.3237543758967001,0.6171066889632107,0.28392422719087634;
0.332471388200513,0.6193642140468228,0.2862101415566226;
0.34118840050432586,0.6216217391304348,0.28849605592236893;
0.34990541280813875,0.6238792642140469,0.29078197028811525;
0.35862242511195164,0.6261367892976589,0.2930678846538615;
0.36733943741576447,0.628394314381271,0.29535379901960784;
0.37605644971957736,0.630651839464883,0.2976397133853541;
0.38477346202339024,0.6329093645484951,0.29992562775110043;
0.39349047432720313,0.6351668896321071,0.3022115421168467;
0.40220748663101574,0.6374244147157191,0.30449745648259297;
0.41092449893482885,0.6396819397993312,0.3067833708483393;
0.4196415112386418,0.6414069227691077,0.3090692852140856;
0.42835852354245463,0.6431276110444178,0.31135519957983193;
