function cmap = gist_stern()

cmap = [0.0,0.0,0.0;
0.0716922966627236,0.00392156862745098,0.00784313725490196;
0.1433845933254472,0.00784313725490196,0.01568627450980392;
0.2150768899881708,0.011764705882352941,0.023529411764705882;
0.2867691866508944,0.01568627450980392,0.03137254901960784;
0.358461483313618,0.0196078431372549,0.0392156862745098;
0.4301537799763416,0.023529411764705882,0.047058823529411764;
0.5018460766390651,0.027450980392156862,0.054901960784313725;
0.5735383733017888,0.03137254901960784,0.06274509803921569;
0.6452306699645124,0.03529411764705882,0.07058823529411765;
0.716922966627236,0.0392156862745098,0.0784313725490196;
0.7886152632899596,0.043137254901960784,0.08627450980392157;
0.8603075599526832,0.047058823529411764,0.09411764705882353;
0.9319998566154067,0.050980392156862744,0.10196078431372549;
0.9989938154473259,0.054901960784313725,0.10980392156862745;
0.9794562513177314,0.058823529411764705,0.11764705882352941;
0.9599186871881369,0.06274509803921569,0.12549019607843137;
0.9403811230585424,0.06666666666666667,0.13333333333333333;
0.9208435589289479,0.07058823529411765,0.1411764705882353;
0.9013059947993535,0.07450980392156863,0.14901960784313725;
0.881768430669759,0.0784313725490196,0.1568627450980392;
0.8622308665401645,0.08235294117647059,0.16470588235294117;
0.8426933024105699,0.08627450980392157,0.17254901960784313;
0.8231557382809755,0.09019607843137255,0.1803921568627451;
0.803618174151381,0.09411764705882353,0.18823529411764706;
0.7840806100217865,0.09803921568627451,0.19607843137254902;
0.764543045892192,0.10196078431372549,0.20392156862745098;
0.7450054817625975,0.10588235294117647,0.21176470588235294;
0.725467917633003,0.10980392156862745,0.2196078431372549;
0.7059303535034085,0.11372549019607843,0.22745098039215686;
0.6863927893738141,0.11764705882352941,0.23529411764705882;
0.6668552252442196,0.12156862745098039,0.24313725490196078;
0.6473176611146252,0.12549019607843137,0.25098039215686274;
0.6277800969850307,0.12941176470588234,0.2588235294117647;
0.6082425328554361,0.13333333333333333,0.26666666666666666;
0.5887049687258417,0.13725490196078433,0.27450980392156865;
0.5691674045962472,0.1411764705882353,0.2823529411764706;
0.5496298404666529,0.14509803921568626,0.2901960784313725;
0.5300922763370581,0.14901960784313725,0.2980392156862745;
0.5105547122074636,0.15294117647058825,0.3058823529411765;
0.4910171480778691,0.1568627450980392,0.3137254901960784;
0.4714795839482748,0.16078431372549018,0.32156862745098036;
0.4519420198186802,0.16470588235294117,0.32941176470588235;
0.4324044556890857,0.16862745098039217,0.33725490196078434;
0.4128668915594912,0.17254901960784313,0.34509803921568627;
0.3933293274298969,0.1764705882352941,0.3529411764705882;
0.3737917633003023,0.1803921568627451,0.3607843137254902;
0.35425419917070766,0.1843137254901961,0.3686274509803922;
0.33471663504111326,0.18823529411764706,0.3764705882352941;
0.3151790709115191,0.19215686274509802,0.38431372549019605;
0.29564150678192413,0.19607843137254902,0.39215686274509803;
0.27610394265232974,0.2,0.4;
0.25656637852273523,0.20392156862745098,0.40784313725490196;
0.23702881439314105,0.20784313725490194,0.4156862745098039;
0.2174912502635462,0.21176470588235294,0.4235294117647059;
0.1979536861339518,0.21568627450980393,0.43137254901960786;
0.1784161220043573,0.2196078431372549,0.4392156862745098;
0.15887855787476313,0.22352941176470587,0.44705882352941173;
0.13934099374516828,0.22745098039215686,0.4549019607843137;
0.11980342961557389,0.23137254901960785,0.4627450980392157;
0.10026586548597938,0.23529411764705882,0.47058823529411764;
0.08072830135638509,0.2392156862745098,0.4784313725490196;
0.06119073722679036,0.24313725490196078,0.48627450980392156;
0.04165317309719585,0.24705882352941178,0.49411764705882355;
0.25098039215686274,0.25098039215686274,0.5019607843137255;
0.2549019607843137,0.2549019607843137,0.5098039215686274;
0.2588235294117647,0.2588235294117647,0.5176470588235293;
0.2627450980392157,0.2627450980392157,0.5254901960784314;
0.26666666666666666,0.26666666666666666,0.5333333333333333;
0.27058823529411763,0.27058823529411763,0.5411764705882353;
0.27450980392156865,0.27450980392156865,0.5490196078431373;
0.2784313725490196,0.2784313725490196,0.5568627450980392;
0.2823529411764706,0.2823529411764706,0.5647058823529412;
0.28627450980392155,0.28627450980392155,0.5725490196078431;
0.2901960784313725,0.2901960784313725,0.580392156862745;
0.29411764705882354,0.29411764705882354,0.5882352941176471;
0.2980392156862745,0.2980392156862745,0.596078431372549;
0.30196078431372547,0.30196078431372547,0.6039215686274509;
0.3058823529411765,0.3058823529411765,0.611764705882353;
0.30980392156862746,0.30980392156862746,0.6196078431372549;
0.3137254901960784,0.3137254901960784,0.6274509803921569;
0.3176470588235294,0.3176470588235294,0.6352941176470588;
0.32156862745098036,0.32156862745098036,0.6431372549019607;
0.3254901960784314,0.3254901960784314,0.6509803921568628;
0.32941176470588235,0.32941176470588235,0.6588235294117647;
0.3333333333333333,0.3333333333333333,0.6666666666666666;
0.33725490196078434,0.33725490196078434,0.6745098039215687;
0.3411764705882353,0.3411764705882353,0.6823529411764706;
0.34509803921568627,0.34509803921568627,0.6901960784313725;
0.34901960784313724,0.34901960784313724,0.6980392156862745;
0.3529411764705882,0.3529411764705882,0.7058823529411764;
0.3568627450980392,0.3568627450980392,0.7137254901960784;
0.3607843137254902,0.3607843137254902,0.7215686274509804;
0.3647058823529412,0.36470588235294116,0.7294117647058823;
0.3686274509803922,0.3686274509803922,0.7372549019607844;
0.37254901960784315,0.37254901960784315,0.7450980392156863;
0.3764705882352941,0.3764705882352941,0.7529411764705882;
0.3803921568627451,0.3803921568627451,0.7607843137254902;
0.38431372549019605,0.38431372549019605,0.7686274509803921;
0.38823529411764707,0.38823529411764707,0.7764705882352941;
0.39215686274509803,0.39215686274509803,0.7843137254901961;
0.39607843137254906,0.396078431372549,0.792156862745098;
0.4,0.4,0.8;
0.403921568627451,0.403921568627451,0.807843137254902;
0.40784313725490196,0.40784313725490196,0.8156862745098039;
0.4117647058823529,0.4117647058823529,0.8235294117647058;
0.4156862745098039,0.4156862745098039,0.8313725490196078;
0.4196078431372549,0.4196078431372549,0.8392156862745098;
0.4235294117647059,0.4235294117647059,0.8470588235294118;
0.42745098039215684,0.42745098039215684,0.8549019607843137;
0.43137254901960786,0.43137254901960786,0.8627450980392157;
0.43529411764705883,0.43529411764705883,0.8705882352941177;
0.4392156862745098,0.4392156862745098,0.8784313725490196;
0.44313725490196076,0.44313725490196076,0.8862745098039215;
0.4470588235294117,0.44705882352941173,0.8941176470588235;
0.45098039215686275,0.45098039215686275,0.9019607843137255;
0.4549019607843137,0.4549019607843137,0.9098039215686274;
0.45882352941176474,0.4588235294117647,0.9176470588235294;
0.4627450980392157,0.4627450980392157,0.9254901960784314;
0.4666666666666667,0.4666666666666667,0.9333333333333333;
0.47058823529411764,0.47058823529411764,0.9411764705882353;
0.4745098039215686,0.4745098039215686,0.9490196078431372;
0.4784313725490196,0.4784313725490196,0.9568627450980391;
0.4823529411764706,0.4823529411764706,0.9647058823529412;
0.48627450980392156,0.48627450980392156,0.9725490196078431;
0.49019607843137253,0.49019607843137253,0.9803921568627451;
0.49411764705882355,0.49411764705882355,0.9882352941176471;
0.4980392156862745,0.4980392156862745,0.996078431372549;
0.5019607843137255,0.5019607843137255,0.9916562369628703;
0.5058823529411764,0.5058823529411764,0.9749687108886107;
0.5098039215686274,0.5098039215686274,0.9582811848143513;
0.5137254901960784,0.5137254901960784,0.9415936587400917;
0.5176470588235293,0.5176470588235293,0.9249061326658328;
0.5215686274509803,0.5215686274509804,0.9082186065915727;
0.5254901960784314,0.5254901960784314,0.8915310805173133;
0.5294117647058824,0.5294117647058824,0.8748435544430537;
