function cmap = gist_rainbow_r()

cmap = [1.0,0.0,0.75;
1.0,0.0,0.7713128729752771;
1.0,0.0,0.7926257459505541;
1.0,0.0,0.8139386189258311;
1.0,0.0,0.8352514919011081;
1.0,0.0,0.8565643648763852;
1.0,0.0,0.8778772378516623;
1.0,0.0,0.8991901108269393;
1.0,0.0,0.9205029838022164;
1.0,0.0,0.9418158567774935;
1.0,0.0,0.9631287297527704;
1.0,0.0,0.9844416027280475;
0.9942455242966755,0.0,1.0;
0.9729326513213984,0.0,1.0;
0.9516197783461213,0.0,1.0;
0.9303069053708442,0.0,1.0;
0.9089940323955671,0.0,1.0;
0.88768115942029,0.0,1.0;
0.866368286445013,0.0,1.0;
0.8450554134697359,0.0,1.0;
0.8237425404944588,0.0,1.0;
0.8024296675191818,0.0,1.0;
0.7811167945439047,0.0,1.0;
0.7598039215686276,0.0,1.0;
0.7384910485933506,0.0,1.0;
0.7171781756180735,0.0,1.0;
0.6958653026427963,0.0,1.0;
0.6745524296675194,0.0,1.0;
0.6532395566922422,0.0,1.0;
0.6319266837169653,0.0,1.0;
0.6106138107416881,0.0,1.0;
0.589300937766411,0.0,1.0;
0.567988064791134,0.0,1.0;
0.546675191815857,0.0,1.0;
0.5253623188405798,0.0,1.0;
0.5040494458653028,0.0,1.0;
0.4827365728900257,0.0,1.0;
0.46142369991474874,0.0,1.0;
0.44011082693947157,0.0,1.0;
0.4187979539641945,0.0,1.0;
0.3974850809889173,0.0,1.0;
0.3761722080136405,0.0,1.0;
0.3548593350383632,0.0,1.0;
0.33354646206308614,0.0,1.0;
0.31223358908780907,0.0,1.0;
0.2909207161125321,0.0,1.0;
0.26960784313725494,0.0,1.0;
0.24829497016197788,0.0,1.0;
0.22698209718670082,0.0,1.0;
0.20566922421142386,0.0,1.0;
0.1843563512361467,0.0,1.0;
0.16304347826086962,0.0,1.0;
0.14173060528559256,0.0,1.0;
0.1204177323103156,0.0,1.0;
0.09910485933503832,0.0,1.0;
0.07779198635976126,0.0,1.0;
0.05647911338448419,0.0,1.0;
0.03516624040920724,0.0,1.0;
0.013853367433930064,0.0,1.0;
0.0,0.007459505541347003,1.0;
0.0,0.028772378516624064,1.0;
0.0,0.050085251491900976,1.0;
0.0,0.07139812446717819,1.0;
0.0,0.09271099744245526,1.0;
0.0,0.11402387041773232,1.0;
0.0,0.13533674339300938,1.0;
0.0,0.15664961636828614,1.0;
0.0,0.1779624893435635,1.0;
0.0,0.19927536231884058,1.0;
0.0,0.22058823529411764,1.0;
0.0,0.2419011082693947,1.0;
0.0,0.26321398124467177,1.0;
0.0,0.28452685421994883,1.0;
0.0,0.3058397271952259,1.0;
0.0,0.3271526001705026,1.0;
0.0,0.34846547314578,1.0;
0.0,0.3697783461210571,1.0;
0.0,0.39109121909633415,1.0;
0.0,0.4124040920716112,1.0;
0.0,0.4337169650468883,1.0;
0.0,0.45502983802216534,1.0;
0.0,0.4763427109974424,1.0;
0.0,0.49765558397271914,1.0;
0.0,0.5189684569479965,1.0;
0.0,0.5402813299232736,1.0;
0.0,0.5615942028985507,1.0;
0.0,0.5829070758738277,1.0;
0.0,0.6042199488491048,1.0;
0.0,0.6255328218243819,1.0;
0.0,0.6468456947996589,1.0;
0.0,0.6681585677749357,1.0;
0.0,0.689471440750213,1.0;
0.0,0.7107843137254901,1.0;
0.0,0.7320971867007672,1.0;
0.0,0.7534100596760442,1.0;
0.0,0.7747229326513213,1.0;
0.0,0.7960358056265984,1.0;
0.0,0.8173486786018754,1.0;
0.0,0.8386615515771522,1.0;
0.0,0.8599744245524296,1.0;
0.0,0.8812872975277066,1.0;
0.0,0.9026001705029837,1.0;
0.0,0.9239130434782608,1.0;
0.0,0.9452259164535378,1.0;
0.0,0.9665387894288149,1.0;
0.0,0.987851662404092,1.0;
0.0,1.0,0.9909340080118073;
0.0,1.0,0.9698503057136835;
0.0,1.0,0.94876660341556;
0.0,1.0,0.9276829011174363;
0.0,1.0,0.9065991988193128;
0.0,1.0,0.8855154965211892;
0.0,1.0,0.8644317942230657;
0.0,1.0,0.8433480919249421;
0.0,1.0,0.8222643896268189;
0.0,1.0,0.8011806873286951;
0.0,1.0,0.7800969850305715;
0.0,1.0,0.759013282732448;
0.0,1.0,0.7379295804343244;
0.0,1.0,0.7168458781362008;
0.0,1.0,0.6957621758380772;
0.0,1.0,0.6746784735399537;
0.0,1.0,0.6535947712418304;
0.0,1.0,0.6325110689437066;
0.0,1.0,0.6114273666455831;
0.0,1.0,0.5903436643474596;
0.0,1.0,0.5692599620493359;
0.0,1.0,0.5481762597512124;
0.0,1.0,0.5270925574530889;
0.0,1.0,0.5060088551549653;
0.0,1.0,0.4849251528568418;
0.0,1.0,0.46384145055871817;
0.0,1.0,0.4427577482605952;
0.0,1.0,0.42167404596247104;
0.0,1.0,0.40059034366434754;
0.0,1.0,0.3795066413662239;
0.0,1.0,0.3584229390681004;
0.0,1.0,0.3373392367699769;
0.0,1.0,0.3162555344718533;
0.0,1.0,0.2951718321737298;
0.0,1.0,0.27408812987560616;
0.0,1.0,0.25300442757748265;
0.0,1.0,0.23192072527935914;
0.0,1.0,0.21083702298123552;
0.0,1.0,0.18975332068311201;
0.0,1.0,0.1686696183849884;
0.0,1.0,0.1475859160868649;
0.0,1.0,0.12650221378874127;
0.0,1.0,0.10541851149061832;
0.0,1.0,0.08433480919249425;
0.0,1.0,0.06325110689437063;
0.0,1.0,0.04216740459624713;
0.0,1.0,0.021083702298123508;
0.0,1.0,0.0;
0.021197668256491782,1.0,0.0;
0.042395336512983564,1.0,0.0;
0.06359300476947534,1.0,0.0;
0.08479067302596713,1.0,0.0;
0.1059883412824589,1.0,0.0;
0.12718600953895068,1.0,0.0;
0.14838367779544245,1.0,0.0;
0.16958134605193426,1.0,0.0;
0.19077901430842603,1.0,0.0;
0.2119766825649178,1.0,0.0;
0.233174350821409,1.0,0.0;
0.25437201907790136,1.0,0.0;
0.27556968733439313,1.0,0.0;
0.2967673555908849,1.0,0.0;
0.31796502384737674,1.0,0.0;
0.3391626921038685,1.0,0.0;
0.3603603603603603,1.0,0.0;
0.38155802861685206,1.0,0.0;
0.40275569687334384,1.0,0.0;
0.4239533651298356,1.0,0.0;
0.4451510333863274,1.0,0.0;
0.46634870164281916,1.0,0.0;
0.48754636989931094,1.0,0.0;
0.5087440381558027,1.0,0.0;
0.5299417064122945,1.0,0.0;
0.5511393746687863,1.0,0.0;
0.5723370429252774,1.0,0.0;
0.5935347111817698,1.0,0.0;
0.6147323794382616,1.0,0.0;
0.6359300476947535,1.0,0.0;
0.6571277159512452,1.0,0.0;
0.678325384207737,1.0,0.0;
0.6995230524642287,1.0,0.0;
0.7207207207207206,1.0,0.0;
0.7419183889772123,1.0,0.0;
0.7631160572337041,1.0,0.0;
0.7843137254901958,1.0,0.0;
0.8055113937466877,1.0,0.0;
0.8267090620031794,1.0,0.0;
0.8479067302596712,1.0,0.0;
0.8691043985161631,1.0,0.0;
0.8903020667726548,1.0,0.0;
0.9114997350291459,1.0,0.0;
0.9326974032856383,1.0,0.0;
0.9538950715421302,1.0,0.0;
0.9750927397986219,1.0,0.0;
0.9962904080551137,1.0,0.0;
1.0,0.9825119236883945,0.0;
1.0,0.9613142554319027,0.0;
1.0,0.9401165871754109,0.0;
1.0,0.9189189189189191,0.0;
1.0,0.8977212506624274,0.0;
1.0,0.8765235824059355,0.0;
1.0,0.8553259141494438,0.0;
1.0,0.834128245892952,0.0;
1.0,0.8129305776364601,0.0;
1.0,0.7917329093799683,0.0;
1.0,0.7705352411234766,0.0;
1.0,0.7493375728669853,0.0;
1.0,0.728139904610493,0.0;
1.0,0.7069422363540012,0.0;
1.0,0.6857445680975094,0.0;
1.0,0.6645468998410176,0.0;
1.0,0.6433492315845258,0.0;
1.0,0.622151563328034,0.0;
1.0,0.6009538950715423,0.0;
1.0,0.5797562268150505,0.0;
1.0,0.5585585585585586,0.0;
1.0,0.5373608903020668,0.0;
1.0,0.5161632220455751,0.0;
1.0,0.49496555378908325,0.0;
1.0,0.4737678855325914,0.0;
1.0,0.4525702172760997,0.0;
1.0,0.43137254901960786,0.0;
1.0,0.4101748807631167,0.0;
1.0,0.3889772125066243,0.0;
1.0,0.3677795442501325,0.0;
1.0,0.34658187599364065,0.0;
1.0,0.32538420773714893,0.0;
1.0,0.3041865394806571,0.0;
1.0,0.2829888712241653,0.0;
1.0,0.26179120296767355,0.0;
1.0,0.24059353471118172,0.0;
1.0,0.2193958664546899,0.0;
1.0,0.19819819819819817,0.0;
1.0,0.17700052994170634,0.0;
1.0,0.1558028616852145,0.0;
1.0,0.1346051934287228,0.0;
1.0,0.11340752517223096,0.0;
1.0,0.09220985691573913,0.0;
1.0,0.07101218865924797,0.0;
1.0,0.04981452040275558,0.0;
1.0,0.02861685214626375,0.0;
1.0,0.00741918388977203,0.0;
1.0,0.0,0.013594771241830174;
1.0,0.0,0.03450980392156872;
1.0,0.0,0.055424836601307266;
1.0,0.0,0.07633986928104582;
1.0,0.0,0.09725490196078436;
1.0,0.0,0.1181699346405229;
1.0,0.0,0.13908496732026146;
1.0,0.0,0.16;
];

end