function cmap = gist_heat()

cmap = [0.0,0.0,0.0;
0.0058823529411764705,0.0,0.0;
0.011764705882352941,0.0,0.0;
0.01764705882352941,0.0,0.0;
0.023529411764705882,0.0,0.0;
0.029411764705882353,0.0,0.0;
0.03529411764705882,0.0,0.0;
0.041176470588235294,0.0,0.0;
0.047058823529411764,0.0,0.0;
0.052941176470588235,0.0,0.0;
0.058823529411764705,0.0,0.0;
0.06470588235294117,0.0,0.0;
0.07058823529411765,0.0,0.0;
0.07647058823529412,0.0,0.0;
0.08235294117647059,0.0,0.0;
0.08823529411764705,0.0,0.0;
0.09411764705882353,0.0,0.0;
0.1,0.0,0.0;
0.10588235294117647,0.0,0.0;
0.11176470588235293,0.0,0.0;
0.11764705882352941,0.0,0.0;
0.12352941176470589,0.0,0.0;
0.12941176470588234,0.0,0.0;
0.13529411764705881,0.0,0.0;
0.1411764705882353,0.0,0.0;
0.14705882352941177,0.0,0.0;
0.15294117647058825,0.0,0.0;
0.1588235294117647,0.0,0.0;
0.16470588235294117,0.0,0.0;
0.17058823529411765,0.0,0.0;
0.1764705882352941,0.0,0.0;
0.18235294117647058,0.0,0.0;
0.18823529411764706,0.0,0.0;
0.1941176470588235,0.0,0.0;
0.2,0.0,0.0;
0.2058823529411765,0.0,0.0;
0.21176470588235294,0.0,0.0;
0.2176470588235294,0.0,0.0;
0.22352941176470587,0.0,0.0;
0.22941176470588237,0.0,0.0;
0.23529411764705882,0.0,0.0;
0.24117647058823527,0.0,0.0;
0.24705882352941178,0.0,0.0;
0.2529411764705882,0.0,0.0;
0.2588235294117647,0.0,0.0;
0.2647058823529411,0.0,0.0;
0.27058823529411763,0.0,0.0;
0.27647058823529413,0.0,0.0;
0.2823529411764706,0.0,0.0;
0.28823529411764703,0.0,0.0;
0.29411764705882354,0.0,0.0;
0.30000000000000004,0.0,0.0;
0.3058823529411765,0.0,0.0;
0.31176470588235294,0.0,0.0;
0.3176470588235294,0.0,0.0;
0.3235294117647059,0.0,0.0;
0.32941176470588235,0.0,0.0;
0.3352941176470588,0.0,0.0;
0.3411764705882353,0.0,0.0;
0.34705882352941175,0.0,0.0;
0.3529411764705882,0.0,0.0;
0.35882352941176465,0.0,0.0;
0.36470588235294116,0.0,0.0;
0.37058823529411766,0.0,0.0;
0.3764705882352941,0.0,0.0;
0.38235294117647056,0.0,0.0;
0.388235294117647,0.0,0.0;
0.3941176470588236,0.0,0.0;
0.4,0.0,0.0;
0.40588235294117647,0.0,0.0;
0.411764705882353,0.0,0.0;
0.4176470588235294,0.0,0.0;
0.4235294117647059,0.0,0.0;
0.4294117647058823,0.0,0.0;
0.4352941176470588,0.0,0.0;
0.4411764705882353,0.0,0.0;
0.44705882352941173,0.0,0.0;
0.4529411764705882,0.0,0.0;
0.45882352941176474,0.0,0.0;
0.4647058823529412,0.0,0.0;
0.47058823529411764,0.0,0.0;
0.4764705882352941,0.0,0.0;
0.48235294117647054,0.0,0.0;
0.4882352941176471,0.0,0.0;
0.49411764705882355,0.0,0.0;
0.5,0.0,0.0;
0.5058823529411764,0.0,0.0;
0.5117647058823529,0.0,0.0;
0.5176470588235293,0.0,0.0;
0.5235294117647058,0.0,0.0;
0.5294117647058822,0.0,0.0;
0.5352941176470588,0.0,0.0;
0.5411764705882353,0.0,0.0;
0.5470588235294117,0.0,0.0;
0.5529411764705883,0.0,0.0;
0.5588235294117647,0.0,0.0;
0.5647058823529412,0.0,0.0;
0.5705882352941176,0.0,0.0;
0.5764705882352941,0.0,0.0;
0.5823529411764706,0.0,0.0;
0.5882352941176471,0.0,0.0;
0.5941176470588235,0.0,0.0;
0.6000000000000001,0.0,0.0;
0.6058823529411765,0.0,0.0;
0.611764705882353,0.0,0.0;
0.6176470588235294,0.0,0.0;
0.6235294117647059,0.0,0.0;
0.6294117647058823,0.0,0.0;
0.6352941176470588,0.0,0.0;
0.6411764705882352,0.0,0.0;
0.6470588235294118,0.0,0.0;
0.6529411764705882,0.0,0.0;
0.6588235294117647,0.0,0.0;
0.6647058823529411,0.0,0.0;
0.6705882352941176,0.0,0.0;
0.6764705882352942,0.0,0.0;
0.6823529411764706,0.0,0.0;
0.6882352941176471,0.0,0.0;
0.6941176470588235,0.0,0.0;
0.7,0.0,0.0;
0.7058823529411764,0.0,0.0;
0.7117647058823529,0.0,0.0;
0.7176470588235293,0.0,0.0;
0.7235294117647059,0.0,0.0;
0.7294117647058823,0.0,0.0;
0.7352941176470588,0.0,0.0;
0.7411764705882353,0.0,0.0;
0.7470588235294118,0.0,0.0;
0.7529411764705882,0.0039215686274509665,0.0;
0.7588235294117647,0.0117647058823529,0.0;
0.7647058823529411,0.019607843137254832,0.0;
0.7705882352941176,0.027450980392156765,0.0;
0.776470588235294,0.0352941176470587,0.0;
0.7823529411764707,0.04313725490196085,0.0;
0.7882352941176471,0.050980392156862786,0.0;
0.7941176470588236,0.05882352941176472,0.0;
0.8,0.06666666666666665,0.0;
0.8058823529411765,0.07450980392156858,0.0;
0.8117647058823529,0.08235294117647052,0.0;
0.8176470588235294,0.09019607843137245,0.0;
0.823529411764706,0.0980392156862746,0.0;
0.8294117647058824,0.10588235294117654,0.0;
0.8352941176470589,0.11372549019607847,0.0;
0.8411764705882353,0.1215686274509804,0.0;
0.8470588235294118,0.12941176470588234,0.0;
0.8529411764705882,0.13725490196078427,0.0;
0.8588235294117647,0.1450980392156862,0.0;
0.8647058823529411,0.15294117647058814,0.0;
0.8705882352941176,0.16078431372549007,0.0;
0.8764705882352941,0.16862745098039222,0.0;
0.8823529411764706,0.17647058823529416,0.0;
0.888235294117647,0.1843137254901961,0.0;
0.8941176470588235,0.19215686274509802,0.0;
0.8999999999999999,0.19999999999999996,0.0;
0.9058823529411764,0.2078431372549019,0.0;
0.9117647058823528,0.21568627450980382,0.0;
0.9176470588235295,0.22352941176470598,0.0;
0.9235294117647059,0.2313725490196079,0.0;
0.9294117647058824,0.23921568627450984,0.0;
0.9352941176470588,0.24705882352941178,0.0;
0.9411764705882353,0.2549019607843137,0.0;
0.9470588235294117,0.26274509803921564,0.0;
0.9529411764705882,0.2705882352941176,0.0;
0.9588235294117646,0.2784313725490195,0.0;
0.9647058823529411,0.28627450980392144,0.0;
0.9705882352941178,0.2941176470588236,0.0;
0.9764705882352942,0.3019607843137255,0.0;
0.9823529411764707,0.30980392156862746,0.0;
0.9882352941176471,0.3176470588235294,0.0;
0.9941176470588236,0.3254901960784313,0.0;
1.0,0.33333333333333326,0.0;
1.0,0.3411764705882352,0.0;
1.0,0.34901960784313735,0.0;
1.0,0.3568627450980393,0.0;
1.0,0.3647058823529412,0.0;
1.0,0.37254901960784315,0.0;
1.0,0.3803921568627451,0.0;
1.0,0.388235294117647,0.0;
1.0,0.39607843137254894,0.0;
1.0,0.4039215686274509,0.0;
1.0,0.4117647058823528,0.0;
1.0,0.41960784313725497,0.0;
1.0,0.4274509803921569,0.0;
1.0,0.43529411764705883,0.0;
1.0,0.44313725490196076,0.0;
1.0,0.4509803921568627,0.0;
1.0,0.45882352941176463,0.0;
1.0,0.46666666666666656,0.0;
1.0,0.4745098039215687,0.0;
1.0,0.48235294117647065,0.0;
1.0,0.4901960784313726,0.0;
1.0,0.4980392156862745,0.0;
1.0,0.5058823529411764,0.0117647058823529;
1.0,0.5137254901960784,0.027450980392156765;
1.0,0.5215686274509803,0.04313725490196063;
1.0,0.5294117647058822,0.0588235294117645;
1.0,0.5372549019607842,0.07450980392156836;
1.0,0.5450980392156863,0.09019607843137267;
1.0,0.5529411764705883,0.10588235294117654;
1.0,0.5607843137254902,0.1215686274509804;
1.0,0.5686274509803921,0.13725490196078427;
1.0,0.5764705882352941,0.15294117647058814;
1.0,0.584313725490196,0.168627450980392;
1.0,0.5921568627450979,0.18431372549019587;
1.0,0.6000000000000001,0.20000000000000018;
1.0,0.607843137254902,0.21568627450980404;
1.0,0.615686274509804,0.2313725490196079;
1.0,0.6235294117647059,0.24705882352941178;
1.0,0.6313725490196078,0.26274509803921564;
1.0,0.6392156862745098,0.2784313725490195;
1.0,0.6470588235294117,0.2941176470588234;
1.0,0.6549019607843136,0.30980392156862724;
1.0,0.6627450980392156,0.3254901960784311;
1.0,0.6705882352941177,0.3411764705882354;
1.0,0.6784313725490196,0.3568627450980393;
1.0,0.6862745098039216,0.37254901960784315;
1.0,0.6941176470588235,0.388235294117647;
1.0,0.7019607843137254,0.4039215686274509;
1.0,0.7098039215686274,0.41960784313725474;
1.0,0.7176470588235293,0.4352941176470586;
1.0,0.7254901960784315,0.4509803921568629;
1.0,0.7333333333333334,0.4666666666666668;
1.0,0.7411764705882353,0.48235294117647065;
1.0,0.7490196078431373,0.4980392156862745;
1.0,0.7568627450980392,0.5137254901960784;
1.0,0.7647058823529411,0.5294117647058822;
1.0,0.7725490196078431,0.5450980392156861;
1.0,0.780392156862745,0.56078431372549;
1.0,0.7882352941176469,0.5764705882352938;
1.0,0.7960784313725491,0.5921568627450982;
1.0,0.803921568627451,0.607843137254902;
1.0,0.8117647058823529,0.6235294117647059;
1.0,0.8196078431372549,0.6392156862745098;
1.0,0.8274509803921568,0.6549019607843136;
1.0,0.8352941176470587,0.6705882352941175;
1.0,0.8431372549019607,0.6862745098039214;
1.0,0.8509803921568628,0.7019607843137257;
