function cmap = gist_earth_r()

cmap = [0.9922,0.9843,0.9843;
0.9878136940139606,0.9732370113650557,0.9724797478198077;
0.9834273880279213,0.9617845322842513,0.9606594956396156;
0.9790410820418819,0.950332053203447,0.9488392434594234;
0.9746547760558425,0.9388795741226428,0.9370189912792312;
0.9702684700698031,0.9274270950418385,0.925198739099039;
0.9658821640837638,0.9159746159610341,0.9133784869188468;
0.9614958580977244,0.9045221368802299,0.9015582347386546;
0.957109552111685,0.8930696577994256,0.8897379825584625;
0.9527232461256457,0.8816171787186212,0.8779177303782703;
0.9483369401396063,0.872513599798894,0.866097478198078;
0.943950634153567,0.8634145747470964,0.8542772260178859;
0.9395643281675277,0.8544224428624954,0.8424569738376937;
0.9351780221814883,0.8454303109778943,0.8306367216575015;
0.9307917161954489,0.8364381790932933,0.8188164694773093;
0.9264054102094095,0.8274539760348584,0.8069962172971171;
0.9220191042233702,0.8197833151779229,0.795175965116925;
0.9176327982373308,0.8121126543209876,0.7833557129367328;
0.9132464922512914,0.8044419934640522,0.7715354607565406;
0.9088601862652521,0.7967713326071169,0.7597152085763483;
0.9044738802792127,0.7891006717501815,0.7478949563961562;
0.9000875742931733,0.7814300108932462,0.736074704215964;
0.8957012683071339,0.7737593500363108,0.7242544520357719;
0.8913149623210946,0.7660886891793754,0.7124341998555797;
0.8869286563350552,0.75841802832244,0.7006139476753874;
0.8825423503490158,0.7507473674655046,0.6887936954951952;
0.8781560443629766,0.7430767066085693,0.6769734433150031;
0.8737697383769372,0.7376742081447963,0.665153191134811;
0.8693834323908978,0.7322946204122674,0.6555357477052752;
0.8649971264048584,0.7269150326797386,0.645928261723633;
0.8606108204188191,0.7215326880119137,0.6363207757419909;
0.8562245144327797,0.7159233556713825,0.6267132897603486;
0.8518382084467404,0.7103140233308513,0.6171058037787064;
0.847451902460701,0.7046831070889895,0.6074983177970643;
0.8430655964746616,0.6990711111111112,0.597890831815422;
0.8386792904886222,0.6956724183006536,0.5882833458337798;
0.8342929845025828,0.6922737254901962,0.5786758598521375;
0.8299066785165435,0.6888750326797386,0.5690683738704955;
0.8255203725305041,0.6854763398692811,0.5594608878888532;
0.8211340665444647,0.6820776470588236,0.549853401907211;
0.8167477605584255,0.6786789542483661,0.5402459159255688;
0.8123614545723861,0.6752802614379085,0.5306384299439266;
0.8079751485863467,0.6718815686274511,0.5210309439622844;
0.8035888426003073,0.6684828758169935,0.5114234579806423;
0.799202536614268,0.665084183006536,0.501815971999;
0.7948162306282287,0.6616854901960785,0.49220848601735784;
0.7904299246421892,0.658286797385621,0.4826010000357156;
0.7860436186561499,0.6548881856540085,0.4729935140540734;
0.7816573126701105,0.6515126582278481,0.46338602807243123;
0.7772710066840711,0.6481371308016878,0.45377854209078905;
0.7728847006980317,0.6464094017094018,0.44417105610914676;
0.7684983947119924,0.6447,0.4345635701275046;
0.764112088725953,0.6429905982905983,0.4249560841458624;
0.7597257827399138,0.6412773529411765,0.4153485981642202;
0.7553394767538744,0.6392185294117647,0.40574111218257797;
0.7536756923612017,0.6425563279857397,0.3961336262009358;
0.7520366331898612,0.6459431372549019,0.39486491245327565;
0.7503975740185209,0.6493299465240642,0.3936254869171749;
0.7487585148471806,0.6527167557932264,0.3923860613810742;
0.7471194556758401,0.6561035650623885,0.39114663584497344;
0.7454803965044998,0.6594903743315508,0.3899072103088727;
0.7438413373331594,0.662877183600713,0.38866778477277203;
0.742202278161819,0.6662639928698753,0.3874283592366713;
0.7405632189904787,0.6696508021390374,0.38618893370057056;
0.7389241598191383,0.6730376114081996,0.3849495081644698;
0.737285100647798,0.6764244206773619,0.3837100826283691;
0.7356460414764576,0.679811229946524,0.38247065709226835;
0.7340069823051172,0.6831980392156862,0.3812312315561676;
0.7323679231337767,0.6865848484848485,0.3799918060200669;
0.7307288639624364,0.6899716577540107,0.3787523804839662;
0.7290898047910961,0.6933584670231728,0.37751295494786546;
0.7274507456197556,0.6967452762923351,0.37627352941176473;
0.7258116864484153,0.7001320855614973,0.375034103875664;
0.7241726272770749,0.7035188948306594,0.37379467833956326;
0.7225335681057345,0.7069057040998217,0.3725552528034626;
0.7208945089343942,0.7102925133689839,0.3713158272673618;
0.7192554497630538,0.7136793226381462,0.37007640173126105;
0.7176163905917134,0.7170661319073083,0.36883697619516037;
0.7111980260560601,0.7153965186074429,0.36759755065905964;
0.7047313857086459,0.7136758303321328,0.3663581251229589;
0.6982647453612317,0.7119551420568228,0.36511869958685816;
0.6917981050138177,0.7102344537815126,0.36387927405075743;
0.6853314646664036,0.7085137655062025,0.36263984851465675;
0.6788648243189894,0.7067930772308924,0.36140042297855596;
0.6723981839715752,0.7050723889555822,0.3601609974424552;
0.6659315436241611,0.7033517006802721,0.35892157190635454;
0.659464903276747,0.701631012404962,0.3576821463702538;
0.6529982629293328,0.6999103241296518,0.35644272083415307;
0.6465316225819187,0.6981896358543417,0.35520329529805234;
0.6400649822345046,0.6964689475790317,0.3539638697619516;
0.6335983418870905,0.6947482593037215,0.3527244442258509;
0.6271317015396762,0.6930275710284114,0.35148501868975013;
0.6206650611922622,0.6913068827531013,0.35024559315364945;
0.614198420844848,0.6895861944777911,0.3490061676175487;
0.6077317804974339,0.687865506202481,0.347766742081448;
0.6012651401500198,0.6861448179271709,0.34652731654534724;
0.5947984998026056,0.6844241296518607,0.3452878910092465;
0.5883318594551915,0.6827034413765506,0.34404846547314577;
0.5818652191077774,0.6809827531012406,0.3428090399370451;
0.5753985787603632,0.6792620648259304,0.34156961440094435;
0.5689319384129491,0.6775413765506203,0.3403301888648436;
0.5624652980655349,0.6758206882753102,0.3390907633287429;
0.5559986577181208,0.6741,0.33785133779264215;
0.5495320173707067,0.6723793117246899,0.3366119122565414;
0.5430653770232925,0.6706586234493798,0.3353724867204407;
0.5365987366758784,0.6689379351740696,0.33413306118433994;
0.5301320963284644,0.6672172468987596,0.33289363564823926;
0.5236654559810501,0.6654965586234495,0.3316542101121385;
0.517198815633636,0.6637758703481393,0.3304147845760378;
0.5107321752862218,0.6620551820728292,0.32917535903993705;
0.5042655349388077,0.6603344937975191,0.3279359335038363;
0.4977988945913936,0.6586138055222089,0.3266965079677356;
0.4913322542439794,0.6568931172468988,0.32545708243163485;
0.48486561389656535,0.6551724289715887,0.32421765689553417;
0.4783989735491513,0.6534517406962785,0.32297823135943343;
0.471932333201737,0.6517310524209684,0.3217388058233327;
0.4632265727577061,0.6500103641456583,0.3204988570428171;
0.45450956045389324,0.6482896758703482,0.31821294267707084;
0.4457925481500804,0.6465689875950381,0.3159270283113245;
0.4370755358462675,0.644848299319728,0.31364111394557825;
0.42835852354245463,0.6431276110444178,0.31135519957983193;
0.41964151123864174,0.6414069227691077,0.3090692852140856;
0.410924498934829,0.6396819397993312,0.30678337084833934;
0.402207486631016,0.6374244147157192,0.304497456482593;
0.39349047432720313,0.6351668896321071,0.30221154211684675;
0.38477346202339024,0.6329093645484951,0.29992562775110043;
0.37605644971957736,0.630651839464883,0.2976397133853541;
0.36733943741576447,0.628394314381271,0.29535379901960784;
0.35862242511195164,0.6261367892976589,0.2930678846538615;
0.34990541280813875,0.6238792642140469,0.29078197028811525;
0.34118840050432586,0.6216217391304348,0.28849605592236893;
0.33247138820051303,0.6193642140468228,0.28621014155662267;
0.32375437589670036,0.6171066889632109,0.2839242271908764;
0.31503736359288725,0.6148491638795988,0.2816383128251301;
0.30632035128907437,0.6125916387959867,0.27935239845938376;
0.2976033389852615,0.6103341137123747,0.27706648409363743;
0.2888863266814486,0.6080765886287626,0.27484080303852415;
