function cmap = gist_ncar_r()

cmap = [0.9961,0.9725,0.9961;
0.9933087658592848,0.9543339100346021,0.9937163014225298;
0.9905175317185697,0.9361678200692042,0.9913326028450595;
0.9877262975778547,0.9180017301038063,0.9889489042675894;
0.9849350634371395,0.8998356401384083,0.9865652056901192;
0.9821438292964244,0.8816695501730104,0.984181507112649;
0.9793525951557093,0.8635034602076125,0.9817978085351787;
0.9765613610149942,0.8453373702422146,0.9794141099577086;
0.9737701268742791,0.8271712802768165,0.9770304113802384;
0.970978892733564,0.8090051903114186,0.9746467128027682;
0.9681876585928488,0.7908391003460208,0.9722630142252979;
0.9653964244521338,0.7726730103806229,0.9698793156478278;
0.9626051903114187,0.7545069204152248,0.9674956170703576;
0.9598139561707035,0.7363408304498269,0.9651119184928874;
0.9570227220299885,0.718174740484429,0.9627282199154171;
0.9542314878892734,0.700008650519031,0.9603445213379469;
0.9514402537485582,0.6818425605536331,0.9579608227604768;
0.9486490196078431,0.6636764705882352,0.9555771241830066;
0.945857785467128,0.6455103806228373,0.9531934256055363;
0.9430665513264129,0.6273442906574394,0.9508097270280661;
0.9402753171856978,0.6091782006920414,0.948426028450596;
0.9374840830449827,0.5910121107266435,0.9460423298731258;
0.9346928489042676,0.5728460207612456,0.9436586312956555;
0.9319016147635525,0.5546799307958477,0.9412749327181853;
0.9291103806228374,0.5365138408304497,0.9388912341407152;
0.9263191464821222,0.5183477508650518,0.936507535563245;
0.9235279123414071,0.5001816608996539,0.9341238369857747;
0.9004880966138911,0.4770382513661201,0.9387602378656381;
0.8772437497592356,0.45384456587735267,0.9434675488410301;
0.8539994029045802,0.43065088038858523,0.948174859816422;
0.8307550560499248,0.4074571948998178,0.952882170791814;
0.8075107091952695,0.38426350941105036,0.957589481767206;
0.7842663623406141,0.361069823922283,0.9622967927425979;
0.7610220154859588,0.3378761384335157,0.96700410371799;
0.7377776686313033,0.3146824529447481,0.9717114146933818;
0.7145333217766479,0.2914887674559807,0.9764187256687739;
0.6912889749219925,0.26829508196721324,0.9811260366441659;
0.6680446280673373,0.24510139647844598,0.9858333476195578;
0.6448002812126816,0.22190771098967838,0.9905406585949498;
0.6220836601307188,0.19871402550091094,0.9952479695703418;
0.6490989106753812,0.1755203400121435,0.9999552805457337;
0.6761141612200432,0.16192239300435324,1.0;
0.7031294117647058,0.14841647983358386,1.0;
0.7301446623093681,0.13491056666281454,1.0;
0.7571599128540304,0.12140465349204524,1.0;
0.7841751633986925,0.10789874032127603,1.0;
0.811190413943355,0.09439282715050662,1.0;
0.8382056644880174,0.08088691397973732,1.0;
0.8652209150326797,0.06738100080896801,1.0;
0.8922361655773419,0.053875087638198815,1.0;
0.9192514161220044,0.04036917446742941,1.0;
0.9462666666666667,0.026863261296660113,0.9999999999999998;
0.973281917211329,0.013357348125890789,0.9868275515334338;
1.0,0.0,0.9730348441015754;
1.0,0.0,0.9034752169720346;
1.0,0.0,0.8339155898424944;
1.0,0.0,0.7643559627129541;
1.0,0.0,0.6947963355834144;
1.0,0.0,0.6252367084538737;
1.0,0.0,0.5556770813243335;
1.0,0.0,0.4861174541947932;
1.0,0.0,0.41655782706525335;
1.0,0.0,0.34699819993571257;
1.0,0.0,0.27743857280617235;
1.0,0.0,0.20787894567663223;
1.0,9.323729491841239e-06,0.1383193185470919;
1.0,0.018656782713085015,0.06875969141755256;
1.0,0.03730424169667872,0.0;
1.0,0.05595170068027216,0.0;
1.0,0.0745991596638656,0.0;
1.0,0.09324661864745903,0.0;
1.0,0.11189407763105247,0.0;
1.0,0.1305415366146459,0.0;
1.0,0.14918899559823937,0.0;
1.0,0.16783645458183252,0.0;
1.0,0.1864839135654262,0.0;
1.0,0.20513137254901967,0.0;
1.0,0.2237788315326131,0.0;
1.0,0.24242629051620654,0.0;
1.0,0.2610737494998,3.661464585851813e-06;
1.0,0.27980875031251123,0.0036651260504201822;
1.0,0.311924183006536,0.007326590636254512;
1.0,0.3440396157005603,0.01098805522208879;
1.0,0.3761550483945855,0.014649519807923173;
1.0,0.4082704810886103,0.0183109843937575;
1.0,0.44038591378263503,0.021972448979591833;
1.0,0.47250134647665976,0.025633913565426165;
1.0,0.5046167791706846,0.02929537815126049;
1.0,0.5367322118647093,0.03295684273709482;
1.0,0.568847644558734,0.03661830732292915;
1.0,0.6009630772527583,0.04027977190876343;
1.0,0.6330785099467835,0.043941236494597816;
1.0,0.6651939426408083,0.047602701080432144;
1.0,0.6973093753348331,0.05126416566626647;
1.0,0.7292677024179434,0.05487044982698966;
1.0,0.7389394764098717,0.05064899653979242;
1.0,0.7486112504017999,0.04642754325259518;
1.0,0.7582830243937282,0.042206089965397944;
1.0,0.7679547983856564,0.03798463667820076;
1.0,0.7776265723775848,0.03376318339100347;
1.0,0.787298346369513,0.02954173010380623;
1.0,0.7969701203614413,0.02532027681660899;
1.0,0.8066418943533696,0.021098823529411753;
1.0,0.8163136683452978,0.016877370242214522;
1.0,0.8259854423372262,0.012655916955017277;
1.0,0.8356572163291545,0.008434463667820039;
1.0,0.8453289903210826,0.004213010380622863;
1.0,0.8550007643130111,0.0;
1.0,0.8646725383049393,0.0;
1.0,0.8743443122968676,0.0;
1.0,0.8840160862887958,0.0;
1.0,0.8936878602807241,0.0;
1.0,0.9033596342726524,0.0;
1.0,0.9130314082645807,0.0;
1.0,0.9227031822565088,0.0;
1.0,0.9323749562484372,0.0;
1.0,0.9420467302403656,0.0;
1.0,0.9517185042322939,0.0;
1.0,0.9613902782242221,0.0;
1.0,0.9710620522161504,0.0;
0.9823046340940748,0.9807338262080787,0.015486814725890358;
0.9644575681274331,0.990405600200007,0.03110639589168998;
0.9466105021607917,1.0,0.04672597705748938;
0.9287634361941497,1.0,0.06234555822328923;
0.910916370227508,1.0,0.07796513938908885;
0.8930693042608664,1.0,0.09358472055488848;
0.8752222382942247,1.0,0.1092043017206881;
0.8573751723275831,1.0,0.12482388288648773;
0.8395281063609414,1.0,0.14044346405228733;
0.8216810403942997,1.0,0.15606304521808698;
0.803833974427658,1.0,0.1716826263838866;
0.7859869084610164,1.0,0.1873022075496862;
0.7681398424943752,1.0,0.20292178871548538;
0.750292776527733,1.0,0.21854136988128545;
0.7324457105610913,1.0,0.2341609510470851;
0.7145986445944497,1.0,0.21861946778711522;
0.696751578627808,1.0,0.20299988662131552;
0.6789045126611664,1.0,0.18738030545551584;
0.6610574466945247,1.0,0.17176072428971617;
0.6432103807278831,1.0,0.15614114312391647;
0.6253633147612414,1.0,0.1405215619581168;
0.6075162487945996,1.0,0.12490198079231712;
0.5896691828279581,1.0,0.10928239962651742;
0.5718221168613163,1.0,0.09366281846071778;
0.5539750508946747,1.0,0.07804323729491808;
0.5361279849280329,1.0,0.062423656129118404;
0.5182809189613913,0.9998402909550919,0.046804074963318704;
0.5004338529947496,0.987063567362429,0.03118449379751903;
0.49259200307574025,0.9742868437697664,0.015564912631719774;
0.4848257593233371,0.9615101201771031,0.0;
0.4770595155709342,0.9487333965844402,0.0;
0.46929327181853125,0.9359566729917774,0.0;
0.46152702806612833,0.9231799493991145,0.0;
0.4537607843137254,0.9104032258064516,0.0;
0.4459945405613225,0.8976265022137887,0.0;
0.43822829680891956,0.8848497786211258,0.0;
0.43046205305651664,0.8720730550284629,0.0;
0.4226958093041137,0.8592963314358,0.0;
0.4149295655517108,0.8465196078431371,0.0;
0.40716332179930786,0.8337428842504742,0.0;
0.39939707804690494,0.8209661606578113,0.0;
0.3746379772961813,0.8081894370651483,0.0;
0.34966377708978297,0.822752572087659,0.0;
0.32468957688338457,0.8375084352172245,0.0;
0.2997153766769869,0.8522642983467896,0.0;
0.2747411764705878,0.8670201614763555,0.0;
0.24976697626418948,0.8817760246059211,0.0;
0.22479277605779113,0.8965318877354865,0.0;
0.19981857585139276,0.9112877508650521,0.0;
0.1748443756449944,0.9260436139946175,0.0;
0.14987017543859601,0.9407994771241831,0.0;
0.12489597523219764,0.9555553402537487,0.0;
0.09992177502579924,0.9703112033833141,0.0;
0.0749475748194009,0.9850670665128797,0.0003273078331506376;
0.04997337461300255,0.9998229296424452,0.04124078697693034;
0.024999174406604152,0.9983842469753859,0.08215426612071003;
2.4974200205807318e-05,0.9967488694201084,0.12306774526448973;
0.0,0.9951134918648311,0.1639812244082694;
