function cmap = gist_stern_r()

cmap = [1.0,1.0,1.0;
0.996078431372549,0.996078431372549,0.9852016278209397;
0.9921568627450981,0.9921568627450981,0.9704032556418793;
0.9882352941176471,0.9882352941176471,0.9556048834628191;
0.9843137254901961,0.9843137254901961,0.9408065112837588;
0.9803921568627451,0.9803921568627451,0.9260081391046985;
0.9764705882352941,0.9764705882352941,0.9112097669256382;
0.9725490196078431,0.9725490196078431,0.8964113947465779;
0.9686274509803922,0.9686274509803922,0.8816130225675176;
0.9647058823529412,0.9647058823529412,0.8668146503884573;
0.9607843137254902,0.9607843137254902,0.852016278209397;
0.9568627450980393,0.9568627450980393,0.8372179060303366;
0.9529411764705882,0.9529411764705882,0.8224195338512763;
0.9490196078431372,0.9490196078431372,0.8076211616722161;
0.9450980392156862,0.9450980392156862,0.7928227894931558;
0.9411764705882353,0.9411764705882353,0.7780244173140954;
0.9372549019607843,0.9372549019607843,0.7632260451350352;
0.9333333333333333,0.9333333333333333,0.7484276729559749;
0.9294117647058824,0.9294117647058824,0.7336293007769146;
0.9254901960784314,0.9254901960784314,0.7188309285978542;
0.9215686274509804,0.9215686274509804,0.7040325564187939;
0.9176470588235294,0.9176470588235294,0.6892341842397336;
0.9137254901960784,0.9137254901960784,0.6744358120606733;
0.9098039215686274,0.9098039215686274,0.659637439881613;
0.9058823529411765,0.9058823529411765,0.6448390677025527;
0.9019607843137255,0.9019607843137255,0.6300406955234925;
0.8980392156862745,0.8980392156862745,0.6152423233444322;
0.8941176470588236,0.8941176470588236,0.6004439511653719;
0.8901960784313725,0.8901960784313725,0.5856455789863115;
0.8862745098039215,0.8862745098039215,0.5708472068072512;
0.8823529411764706,0.8823529411764706,0.5560488346281909;
0.8784313725490196,0.8784313725490196,0.5412504624491306;
0.8745098039215686,0.8745098039215686,0.5264520902700703;
0.8705882352941177,0.8705882352941177,0.5116537180910101;
0.8666666666666667,0.8666666666666667,0.4968553459119497;
0.8627450980392157,0.8627450980392157,0.48205697373288936;
0.8588235294117648,0.8588235294117648,0.46725860155382914;
0.8549019607843138,0.8549019607843138,0.45246022937476893;
0.8509803921568627,0.8509803921568627,0.4376618571957085;
0.8470588235294118,0.8470588235294118,0.42286348501664817;
0.8431372549019608,0.8431372549019608,0.40806511283758784;
0.8392156862745098,0.8392156862745098,0.39326674065852774;
0.8352941176470589,0.8352941176470589,0.3784683684794673;
0.8313725490196078,0.8313725490196078,0.363669996300407;
0.8274509803921568,0.8274509803921568,0.34887162412134665;
0.8235294117647058,0.8235294117647058,0.33407325194228643;
0.8196078431372549,0.8196078431372549,0.3192748797632261;
0.8156862745098039,0.8156862745098039,0.3044765075841658;
0.8117647058823529,0.8117647058823529,0.28967813540510545;
0.807843137254902,0.807843137254902,0.27487976322604524;
0.803921568627451,0.803921568627451,0.2600813910469849;
0.8,0.8,0.24528301886792458;
0.7960784313725491,0.7960784313725491,0.23048464668886426;
0.7921568627450981,0.7921568627450981,0.21568627450980404;
0.788235294117647,0.788235294117647,0.2008879023307436;
0.7843137254901961,0.7843137254901961,0.1860895301516834;
0.7803921568627451,0.7803921568627451,0.17129115797262306;
0.7764705882352941,0.7764705882352941,0.15649278579356285;
0.7725490196078432,0.7725490196078432,0.1416944136145024;
0.7686274509803921,0.7686274509803921,0.1268960414354421;
0.7647058823529411,0.7647058823529411,0.11209766925638187;
0.7607843137254902,0.7607843137254902,0.09729929707732166;
0.7568627450980392,0.7568627450980392,0.08250092489826122;
0.7529411764705882,0.7529411764705882,0.06770255271920089;
0.7490196078431373,0.7490196078431373,0.05290418054014068;
0.7450980392156863,0.7450980392156863,0.03810580836108035;
0.7411764705882353,0.7411764705882353,0.023307436182020247;
0.7372549019607844,0.7372549019607844,0.008509064002959699;
0.7333333333333334,0.7333333333333334,0.007092198581560237;
0.7294117647058824,0.7294117647058824,0.023779724655819727;
0.7254901960784315,0.7254901960784313,0.04046725073007922;
0.7215686274509804,0.7215686274509804,0.05715477680433871;
0.7176470588235294,0.7176470588235294,0.0738423028785982;
0.7137254901960784,0.7137254901960784,0.0905298289528577;
0.7098039215686276,0.7098039215686275,0.10721735502711695;
0.7058823529411764,0.7058823529411764,0.12390488110137668;
0.7019607843137254,0.7019607843137254,0.14059240717563617;
0.6980392156862745,0.6980392156862745,0.15727993324989567;
0.6941176470588235,0.6941176470588235,0.17396745932415517;
0.6901960784313725,0.6901960784313725,0.19065498539841463;
0.6862745098039216,0.6862745098039216,0.20734251147267413;
0.6823529411764706,0.6823529411764706,0.22403003754693362;
0.6784313725490196,0.6784313725490196,0.2407175636211929;
0.6745098039215687,0.6745098039215687,0.2574050896954526;
0.6705882352941177,0.6705882352941177,0.2740926157697121;
0.6666666666666667,0.6666666666666667,0.2907801418439716;
0.6627450980392157,0.6627450980392157,0.3074676679182311;
0.6588235294117647,0.6588235294117647,0.3241551939924906;
0.6549019607843137,0.6549019607843137,0.3408427200667501;
0.6509803921568628,0.6509803921568628,0.3575302461410096;
0.6470588235294118,0.6470588235294118,0.3742177722152688;
0.6431372549019608,0.6431372549019607,0.3909052982895285;
0.6392156862745098,0.6392156862745098,0.407592824363788;
0.6352941176470588,0.6352941176470588,0.4242803504380475;
0.6313725490196078,0.6313725490196078,0.440967876512307;
0.6274509803921569,0.6274509803921569,0.4576554025865665;
0.6235294117647059,0.6235294117647059,0.474342928660826;
0.6196078431372549,0.6196078431372549,0.4910304547350855;
0.615686274509804,0.615686274509804,0.5077179808093447;
0.6117647058823529,0.611764705882353,0.5244055068836044;
0.6078431372549019,0.607843137254902,0.5410930329578639;
0.6039215686274509,0.603921568627451,0.5577805590321234;
0.6,0.6,0.5744680851063829;
0.596078431372549,0.596078431372549,0.5911556111806424;
0.592156862745098,0.592156862745098,0.6078431372549019;
0.588235294117647,0.5882352941176471,0.6245306633291614;
0.5843137254901961,0.5843137254901961,0.6412181894034207;
0.580392156862745,0.580392156862745,0.6579057154776804;
0.5764705882352941,0.5764705882352941,0.6745932415519399;
0.5725490196078431,0.5725490196078431,0.6912807676261994;
0.5686274509803921,0.5686274509803921,0.7079682937004589;
0.5647058823529412,0.5647058823529412,0.7246558197747184;
0.5607843137254902,0.5607843137254902,0.7413433458489779;
0.5568627450980392,0.5568627450980392,0.7580308719232374;
0.5529411764705883,0.5529411764705883,0.7747183979974966;
0.5490196078431373,0.5490196078431373,0.7914059240717564;
0.5450980392156863,0.5450980392156863,0.8080934501460159;
0.5411764705882353,0.5411764705882354,0.8247809762202754;
0.5372549019607843,0.5372549019607843,0.8414685022945348;
0.5333333333333333,0.5333333333333333,0.8581560283687943;
0.5294117647058824,0.5294117647058824,0.8748435544430538;
0.5254901960784314,0.5254901960784314,0.8915310805173133;
0.5215686274509804,0.5215686274509804,0.9082186065915726;
0.5176470588235293,0.5176470588235293,0.9249061326658323;
0.5137254901960784,0.5137254901960784,0.9415936587400918;
0.5098039215686274,0.5098039215686274,0.9582811848143513;
0.5058823529411764,0.5058823529411764,0.9749687108886108;
0.5019607843137255,0.5019607843137255,0.9916562369628703;
0.4980392156862745,0.4980392156862745,0.996078431372549;
0.49411764705882355,0.49411764705882355,0.9882352941176471;
0.4901960784313726,0.4901960784313726,0.9803921568627451;
0.4862745098039216,0.4862745098039216,0.9725490196078431;
0.48235294117647065,0.48235294117647065,0.9647058823529414;
0.4784313725490197,0.4784313725490196,0.9568627450980393;
0.4745098039215687,0.4745098039215686,0.9490196078431372;
0.47058823529411764,0.47058823529411764,0.9411764705882353;
0.4666666666666667,0.4666666666666667,0.9333333333333333;
0.4627450980392157,0.4627450980392157,0.9254901960784314;
