function cmap = gnuplot2()

cmap = [0.0,0.0,0.0;
0.0,0.0,0.01568627450980392;
0.0,0.0,0.03137254901960784;
0.0,0.0,0.047058823529411764;
0.0,0.0,0.06274509803921569;
0.0,0.0,0.0784313725490196;
0.0,0.0,0.09411764705882353;
0.0,0.0,0.10980392156862745;
0.0,0.0,0.12549019607843137;
0.0,0.0,0.1411764705882353;
0.0,0.0,0.1568627450980392;
0.0,0.0,0.17254901960784313;
0.0,0.0,0.18823529411764706;
0.0,0.0,0.20392156862745098;
0.0,0.0,0.2196078431372549;
0.0,0.0,0.23529411764705882;
0.0,0.0,0.25098039215686274;
0.0,0.0,0.26666666666666666;
0.0,0.0,0.2823529411764706;
0.0,0.0,0.2980392156862745;
0.0,0.0,0.3137254901960784;
0.0,0.0,0.32941176470588235;
0.0,0.0,0.34509803921568627;
0.0,0.0,0.3607843137254902;
0.0,0.0,0.3764705882352941;
0.0,0.0,0.39215686274509803;
0.0,0.0,0.40784313725490196;
0.0,0.0,0.4235294117647059;
0.0,0.0,0.4392156862745098;
0.0,0.0,0.4549019607843137;
0.0,0.0,0.47058823529411764;
0.0,0.0,0.48627450980392156;
0.0,0.0,0.5019607843137255;
0.0,0.0,0.5176470588235293;
0.0,0.0,0.5333333333333333;
0.0,0.0,0.5490196078431373;
0.0,0.0,0.5647058823529412;
0.0,0.0,0.580392156862745;
0.0,0.0,0.596078431372549;
0.0,0.0,0.611764705882353;
0.0,0.0,0.6274509803921569;
0.0,0.0,0.6431372549019607;
0.0,0.0,0.6588235294117647;
0.0,0.0,0.6745098039215687;
0.0,0.0,0.6901960784313725;
0.0,0.0,0.7058823529411764;
0.0,0.0,0.7215686274509804;
0.0,0.0,0.7372549019607844;
0.0,0.0,0.7529411764705882;
0.0,0.0,0.7686274509803921;
0.0,0.0,0.7843137254901961;
0.0,0.0,0.8;
0.0,0.0,0.8156862745098039;
0.0,0.0,0.8313725490196078;
0.0,0.0,0.8470588235294118;
0.0,0.0,0.8627450980392157;
0.0,0.0,0.8784313725490196;
0.0,0.0,0.8941176470588235;
0.0,0.0,0.9098039215686274;
0.0,0.0,0.9254901960784314;
0.0,0.0,0.9411764705882353;
0.0,0.0,0.9568627450980391;
0.0,0.0,0.9725490196078431;
0.0,0.0,0.9882352941176471;
0.0030637254901960675,0.0,1.0;
0.015318627450980338,0.0,1.0;
0.027573529411764608,0.0,1.0;
0.03982843137254899,0.0,1.0;
0.05208333333333326,0.0,1.0;
0.06433823529411753,0.0,1.0;
0.07659313725490202,0.0,1.0;
0.08884803921568629,0.0,1.0;
0.10110294117647056,0.0,1.0;
0.11335784313725483,0.0,1.0;
0.1256127450980391,0.0,1.0;
0.1378676470588236,0.0,1.0;
0.15012254901960786,0.0,1.0;
0.16237745098039214,0.0,1.0;
0.17463235294117652,0.0,1.0;
0.1868872549019608,0.0,1.0;
0.19914215686274506,0.0,1.0;
0.21139705882352933,0.0,1.0;
0.2236519607843137,0.0,1.0;
0.23590686274509798,0.0,1.0;
0.24816176470588225,0.0,1.0;
0.2604166666666665,0.0,1.0;
0.272671568627451,0.0,1.0;
0.2849264705882353,0.0,1.0;
0.29718137254901955,0.0,1.0;
0.3094362745098038,0.0,1.0;
0.3216911764705881,0.0,1.0;
0.3339460784313726,0.0,1.0;
0.34620098039215685,0.0,1.0;
0.3584558823529411,0.0,1.0;
0.3707107843137256,0.0,1.0;
0.3829656862745099,0.0,1.0;
0.39522058823529416,0.0,1.0;
0.4074754901960784,0.0,1.0;
0.4197303921568627,0.0,1.0;
0.43198529411764697,0.0,1.0;
0.44424019607843124,0.0,1.0;
0.4564950980392155,0.0,1.0;
0.46875,0.0,1.0;
0.48100490196078427,0.0,1.0;
0.49325980392156854,0.0,1.0;
0.5055147058823528,0.0,1.0;
0.5177696078431371,0.0,1.0;
0.5300245098039216,0.0,1.0;
0.5422794117647058,0.007058823529411784,0.9929411764705883;
0.5545343137254901,0.014901960784313717,0.9850980392156864;
0.5667892156862746,0.02274509803921576,0.9772549019607844;
0.5790441176470589,0.030588235294117694,0.9694117647058824;
0.5912990196078431,0.03843137254901963,0.9615686274509805;
0.6035539215686274,0.04627450980392156,0.9537254901960786;
0.6158088235294117,0.05411764705882349,0.9458823529411766;
0.6280637254901962,0.061960784313725537,0.9380392156862746;
0.6403186274509804,0.06980392156862747,0.9301960784313726;
0.6525735294117647,0.0776470588235294,0.9223529411764707;
0.664828431372549,0.08549019607843145,0.9145098039215687;
0.6770833333333333,0.09333333333333338,0.9066666666666667;
0.6893382352941175,0.10117647058823531,0.8988235294117648;
0.7015931372549018,0.10901960784313725,0.8909803921568629;
0.7138480392156861,0.11686274509803918,0.8831372549019609;
0.7261029411764706,0.12470588235294122,0.8752941176470589;
0.7383578431372548,0.13254901960784315,0.867450980392157;
0.7506127450980391,0.1403921568627451,0.859607843137255;
0.7628676470588236,0.14823529411764713,0.851764705882353;
0.7751225490196079,0.15607843137254906,0.843921568627451;
0.7873774509803921,0.163921568627451,0.8360784313725491;
0.7996323529411764,0.17176470588235293,0.8282352941176472;
0.8118872549019607,0.17960784313725486,0.8203921568627452;
0.824142156862745,0.1874509803921568,0.8125490196078433;
0.8363970588235292,0.19529411764705873,0.8047058823529414;
0.8486519607843137,0.20313725490196088,0.7968627450980392;
0.860906862745098,0.21098039215686282,0.7890196078431373;
0.8731617647058822,0.21882352941176475,0.7811764705882354;
0.8854166666666665,0.22666666666666668,0.7733333333333334;
0.8976715686274508,0.23450980392156862,0.7654901960784315;
0.9099264705882351,0.24235294117647055,0.7576470588235296;
0.9221813725490193,0.2501960784313725,0.7498039215686276;
0.934436274509804,0.25803921568627464,0.7419607843137255;
0.9466911764705883,0.26588235294117657,0.7341176470588235;
0.9589460784313726,0.2737254901960785,0.7262745098039216;
0.9712009803921569,0.28156862745098044,0.7184313725490197;
0.9834558823529411,0.28941176470588237,0.7105882352941177;
0.9957107843137254,0.2972549019607843,0.7027450980392158;
1.0,0.30509803921568623,0.6949019607843139;
1.0,0.31294117647058817,0.6870588235294119;
1.0,0.3207843137254901,0.67921568627451;
1.0,0.32862745098039225,0.6713725490196079;
1.0,0.3364705882352942,0.6635294117647059;
1.0,0.3443137254901961,0.655686274509804;
1.0,0.35215686274509805,0.6478431372549021;
1.0,0.36,0.6400000000000001;
1.0,0.3678431372549019,0.6321568627450982;
1.0,0.37568627450980385,0.6243137254901963;
1.0,0.383529411764706,0.6164705882352941;
1.0,0.39137254901960794,0.6086274509803922;
1.0,0.3992156862745099,0.6007843137254902;
1.0,0.4070588235294118,0.5929411764705883;
1.0,0.41490196078431374,0.5850980392156864;
1.0,0.42274509803921567,0.5772549019607844;
1.0,0.4305882352941176,0.5694117647058825;
1.0,0.43843137254901954,0.5615686274509806;
1.0,0.44627450980392147,0.5537254901960786;
1.0,0.4541176470588236,0.5458823529411765;
1.0,0.46196078431372556,0.5380392156862746;
1.0,0.4698039215686275,0.5301960784313726;
1.0,0.4776470588235294,0.5223529411764707;
1.0,0.48549019607843136,0.5145098039215688;
1.0,0.4933333333333333,0.5066666666666668;
1.0,0.5011764705882352,0.4988235294117649;
1.0,0.5090196078431374,0.49098039215686273;
1.0,0.5168627450980393,0.4831372549019608;
1.0,0.5247058823529412,0.47529411764705887;
1.0,0.5325490196078432,0.46745098039215693;
1.0,0.5403921568627451,0.459607843137255;
1.0,0.548235294117647,0.45176470588235307;
1.0,0.556078431372549,0.44392156862745114;
1.0,0.5639215686274509,0.4360784313725492;
1.0,0.5717647058823528,0.42823529411764727;
1.0,0.579607843137255,0.4203921568627451;
1.0,0.5874509803921569,0.4125490196078432;
1.0,0.5952941176470589,0.40470588235294125;
1.0,0.6031372549019608,0.3968627450980393;
1.0,0.6109803921568627,0.3890196078431374;
1.0,0.6188235294117647,0.38117647058823545;
1.0,0.6266666666666666,0.3733333333333335;
1.0,0.6345098039215687,0.36549019607843136;
1.0,0.6423529411764707,0.35764705882352943;
1.0,0.6501960784313726,0.3498039215686275;
1.0,0.6580392156862745,0.34196078431372556;
1.0,0.6658823529411765,0.33411764705882363;
1.0,0.6737254901960784,0.3262745098039217;
1.0,0.6815686274509803,0.31843137254901976;
1.0,0.6894117647058823,0.31058823529411783;
1.0,0.6972549019607842,0.3027450980392159;
1.0,0.7050980392156864,0.29490196078431374;
1.0,0.7129411764705883,0.2870588235294118;
1.0,0.7207843137254902,0.2792156862745099;
1.0,0.7286274509803922,0.27137254901960794;
1.0,0.7364705882352941,0.263529411764706;
1.0,0.744313725490196,0.2556862745098041;
1.0,0.752156862745098,0.24784313725490215;
1.0,0.7600000000000001,0.24;
1.0,0.767843137254902,0.23215686274509806;
1.0,0.775686274509804,0.22431372549019613;
1.0,0.7835294117647059,0.2164705882352942;
1.0,0.7913725490196079,0.20862745098039226;
