function cmap = gnuplot()

cmap = [0.0,0.0,0.0;
0.06262242910851495,6.030862941101084e-08,0.02463744919538197;
0.08856148855400953,4.824690352880868e-07,0.04925994109281685;
0.10846522890932808,1.6283329940972927e-06,0.07385252747487396;
0.1252448582170299,3.859752282304694e-06,0.0984002782796427;
0.14002800840280097,7.538578676376356e-06,0.12288829066471411;
0.1533929977694741,1.3026663952778342e-05,0.1473016980546375;
0.1656833739159028,2.068585988797672e-05,0.1716256791663596;
0.17712297710801905,3.087801825843755e-05,0.19584546700716696;
0.18786728732554484,4.396499084062691e-05,0.2199463578396686;
0.19802950859533486,6.0308629411010845e-05,0.24391372010837714;
0.20769510081357428,8.027078574605544e-05,0.2677330033224679;
0.21693045781865616,0.00010421331162222673,0.2913897468893246;
0.22578837914485933,0.00013249805881599083,0.31486958889350786;
0.23431167445160245,0.00016548687910381376,0.33815827481581706;
0.24253562503633297,0.0002035416242621616,0.3612416661871529;
0.2504897164340598,0.0002470241460675004,0.38410574917192586;
0.2581988897471611,0.0002962962962962963,0.40673664307580015;
0.2656844656620286,0.00035171992672501526,0.42912060877260894;
0.27296484008305655,0.0004136568891301234,0.45124405704532283;
0.28005601680560194,0.00048246903528808676,0.47309355683601007;
0.2869720215917757,0.0005585182169753714,0.4946558433997788;
0.293725228409004,0.0006421662859684435,0.5159178263577511;
0.30032661958503204,0.000733775094043769,0.53686659764418;
0.3067859955389482,0.0008337064929778139,0.5574894393428855;
0.3131121455425747,0.0009423223345470445,0.5777738314082511;
0.31931298801289854,0.0010599844705279267,0.5977074592660936;
0.32539568672798425,0.0011870547526969264,0.6172782212897929;
0.3313667478318056,0.00132389503283051,0.6364742361471414;
0.3372321013724501,0.0014708671627051435,0.6552838500134536;
0.3429971702850177,0.001628332994097293,0.6736956436465572;
0.34866692910423897,0.001796654378783424,0.6916984393193699;
0.3542459542160381,0.0019761931685400034,0.7092813076058534;
0.3597384670922507,0.0021673112151434962,0.7264335740162241;
0.3651483716701107,0.0023703703703703703,0.7431448254773941;
0.3704792868174742,0.002585732485997091,0.7594049166547072;
0.37573457465108967,0.002813759413800122,0.7752039761111298;
0.38091736533753123,0.0030548130055559316,0.7905324123001632;
0.3860305788964616,0.0033092551130409873,0.8053809193888326;
0.39107694443752145,0.003577447588031753,0.8197404829072211;
0.3960590171906697,0.003859752282304694,0.8336023852211195;
0.4009791936316524,0.0041565310476362775,0.846958210824467;
0.4058397249567139,0.004468145735802971,0.8597998514483723;
0.4106427291215469,0.00479495819858124,0.8721195109836108;
0.41539020162714857,0.005137330287747548,0.883909710213612;
0.42008402520840293,0.005495623855078362,0.8951632913550623;
0.4247259785588175,0.005870200752350152,0.9058734224033671;
0.42931774420607877,0.00626142283133938,0.9160336012803335;
0.4338609156373123,0.006669651943822511,0.9256376597815562;
0.4383570037596046,0.007095249941576013,0.9346797673211106;
0.44280744277004763,0.007538578676376356,0.9431544344712774;
0.4472135954999579,0.008000000000000002,0.9510565162951535;
0.45157675828971866,0.008479875764223413,0.9583812154701222;
0.45589816544366785,0.00897856782082306,0.965124085200289;
0.46017899330842227,0.009496438021575411,0.9712810319161138;
0.464420364012824,0.010033848218256931,0.9768483177596007;
0.4686233489032049,0.01059116026264408,0.9818225628535369;
0.4727889717037675,0.01116873600651333,0.9862007473534026;
0.47691821142849733,0.011766937301641148,0.989980213280707;
0.48101200506807296,0.012386125999803998,0.9931586661366362;
0.48507125007266594,0.013026663952778343,0.9957341762950345;
0.4890968066492663,0.01368891301234065,0.9977051801738729;
0.49308949989019313,0.014373235030267393,0.9990704811844932;
0.4970501217477084,0.01507999185833503,0.9998292504580527;
0.5009794328681196,0.015809545348320027,0.9999810273487268;
0.5048781642974013,0.01656225735199885,0.9995257197133659;
0.5087470190691683,0.01733848972114797,0.9984636039674339;
0.5125866736847688,0.018138604307543858,0.9967953249171991;
0.5163977794943222,0.018962962962962963,0.9945218953682734;
0.5201809639866857,0.01981192753918176,0.9916446955107427;
0.5239368319955838,0.020685859887976728,0.9881654720812594;
0.5276659668284659,0.021585121861124306,0.9840863373026044;
0.5313689313240572,0.022510075310400977,0.9794097676013659;
0.5350462688440333,0.023461082087583202,0.9741386021045102;
0.5386985042037638,0.024438504044447452,0.9682760409157589;
0.5423261445466404,0.025442703032770204,0.961825643172819;
0.5459296801661131,0.026474040904327898,0.9547913248866443;
0.5495095852792065,0.027532879510897012,0.9471773565640402;
0.5530663187549721,0.028619580704254025,0.9389883606150565;
0.5566003248010438,0.02973450633617538,0.9302293085467404;
0.5601120336112039,0.030878018258437553,0.9209055179449537;
0.5636018619766345,0.03205047832281701,0.9110226492460884;
0.5670702138633102,0.03325224838109022,0.9005867023006376;
0.570517480957798,0.03448369028503366,0.8896040127307095;
0.5739440431835514,0.03574516588642377,0.878081248083698;
0.5773502691896257,0.03703703703703703,0.8660254037844387;
0.5807365168135928,0.03835966558864992,0.8534437988883159;
0.5841031335203016,0.03971341339303888,0.8403440716378927;
0.587450456818008,0.04109864230198038,0.8267341748257635;
0.5907788146532823,0.0425157141672509,0.8126223709664456;
0.5940885257860046,0.0439649908406269,0.7980172272802396;
0.5973799001456604,0.045446834173884856,0.7829276104921029;
0.6006532391700641,0.046961606018801214,0.7673626814486971;
0.6039088361275575,0.04850966822715245,0.7513318895568735;
0.6071469764236599,0.05009138265071504,0.7348449670469757;
0.6103679378930738,0.05170711114126543,0.717911923064442;
0.6135719910778964,0.05335721555058009,0.7005430375932911;
0.6167593994928209,0.055042057730435495,0.6827488552151856;
0.6199304198780666,0.056761999532608104,0.6645401787078582;
0.6230853024407228,0.05851740280887442,0.6459280624867872;
0.6262242910851494,0.060308629411010846,0.6269238058941065;
0.6293476236330355,0.06213604119079388,0.6075389463388169;
0.6324555320336759,0.06400000000000002,0.5877852522924732;
0.6355482425649929,0.06590086769040565,0.5676747161445903;
0.6386259760257971,0.0678390061137873,0.5472195469221114;
0.6416889479197478,0.06981477712192143,0.5264321628773561;
0.6447373686314481,0.07182854256658448,0.5053251839489484;
0.6477714435950808,0.07388066429955296,0.4839114241003016;
0.6507913734559685,0.07597150417260329,0.4622038835403133;
0.6537973542254181,0.07810142403751195,0.44021574083098747;
0.6567895774291853,0.08027078574605545,0.41796034488678324;
0.6597682302498801,0.08247995115001018,0.3954512068705424;
0.6627334956636112,0.08472928210115264,0.37270199199091436;
0.6656855525711526,0.0870191404512593,0.3497265112062616;
0.6686245759238975,0.08934988805210664,0.3265387128400838;
0.6715507368448513,0.09172188675547113,0.30315267411304364;
0.6744642027449002,0.09413549841312918,0.279582592596744;
0.6773651374345779,0.0965910848768573,0.25584277759443586;
0.6802537012315447,0.09908900799843198,0.23194764145389804;
0.6831300510639732,0.10162962962962964,0.20791169081775931;
0.6859943405700354,0.10421331162222675,0.18374951781657037;
0.6888467201936644,0.10684041582799977,0.1594757912099809;
0.6916873372767638,0.1095113040987252,0.13510524748139313;
0.6945163361480208,0.11222633828617953,0.1106526818915011;
0.6973338582084779,0.11498588024213914,0.08613293949614632;
0.7001400420140049,0.11779029181838055,0.06156090613394323;
0.7029350233548074,0.12063993486668025,0.03695149938914491;
0.7057189353321013,0.12353517123881463,0.012319659535238529;
0.7084919084320762,0.12647636278656021,0.0;
0.7112540705972631,0.12946387136169346,0.0;
0.7140055472954167,0.1324980588159908,0.0;
0.7167464615860188,0.13557928700122876,0.0;
0.7194769341845014,0.13870791776918376,0.0;
0.7221970835242831,0.14188431297163237,0.0;
