function cmap = Greys_r()

cmap = [0.0,0.0,0.0;
0.004552095347943099,0.004552095347943099,0.004552095347943099;
0.009104190695886197,0.009104190695886197,0.009104190695886197;
0.013656286043829298,0.013656286043829298,0.013656286043829298;
0.018208381391772395,0.018208381391772395,0.018208381391772395;
0.022760476739715495,0.022760476739715495,0.022760476739715495;
0.027312572087658596,0.027312572087658596,0.027312572087658596;
0.03186466743560169,0.03186466743560169,0.03186466743560169;
0.03641676278354479,0.03641676278354479,0.03641676278354479;
0.040968858131487894,0.040968858131487894,0.040968858131487894;
0.04552095347943099,0.04552095347943099,0.04552095347943099;
0.05007304882737409,0.05007304882737409,0.05007304882737409;
0.05462514417531719,0.05462514417531719,0.05462514417531719;
0.05917723952326029,0.05917723952326029,0.05917723952326029;
0.06372933487120339,0.06372933487120339,0.06372933487120339;
0.06828143021914648,0.06828143021914648,0.06828143021914648;
0.07283352556708958,0.07283352556708958,0.07283352556708958;
0.07738562091503269,0.07738562091503269,0.07738562091503269;
0.08193771626297579,0.08193771626297579,0.08193771626297579;
0.08648981161091888,0.08648981161091888,0.08648981161091888;
0.09104190695886198,0.09104190695886198,0.09104190695886198;
0.09559400230680508,0.09559400230680508,0.09559400230680508;
0.10014609765474818,0.10014609765474818,0.10014609765474818;
0.10469819300269129,0.10469819300269129,0.10469819300269129;
0.10925028835063438,0.10925028835063438,0.10925028835063438;
0.11380238369857748,0.11380238369857748,0.11380238369857748;
0.11835447904652058,0.11835447904652058,0.11835447904652058;
0.12290657439446367,0.12290657439446367,0.12290657439446367;
0.12745866974240677,0.12745866974240677,0.12745866974240677;
0.13201076509034987,0.13201076509034987,0.13201076509034987;
0.13656286043829297,0.13656286043829297,0.13656286043829297;
0.14111495578623606,0.14111495578623606,0.14111495578623606;
0.14579008073817765,0.14579008073817765,0.14579008073817765;
0.1513264129181084,0.1513264129181084,0.1513264129181084;
0.1568627450980392,0.1568627450980392,0.1568627450980392;
0.16239907727797004,0.16239907727797004,0.16239907727797004;
0.1679354094579008,0.1679354094579008,0.1679354094579008;
0.17347174163783158,0.17347174163783158,0.17347174163783158;
0.1790080738177624,0.1790080738177624,0.1790080738177624;
0.18454440599769323,0.18454440599769323,0.18454440599769323;
0.190080738177624,0.190080738177624,0.190080738177624;
0.19561707035755477,0.19561707035755477,0.19561707035755477;
0.2011534025374856,0.2011534025374856,0.2011534025374856;
0.2066897347174164,0.2066897347174164,0.2066897347174164;
0.2122260668973472,0.2122260668973472,0.2122260668973472;
0.21776239907727796,0.21776239907727796,0.21776239907727796;
0.22329873125720878,0.22329873125720878,0.22329873125720878;
0.22883506343713958,0.22883506343713958,0.22883506343713958;
0.23437139561707038,0.23437139561707038,0.23437139561707038;
0.23990772779700115,0.23990772779700115,0.23990772779700115;
0.24544405997693197,0.24544405997693197,0.24544405997693197;
0.25098039215686274,0.25098039215686274,0.25098039215686274;
0.25651672433679357,0.25651672433679357,0.25651672433679357;
0.2620530565167243,0.2620530565167243,0.2620530565167243;
0.26758938869665516,0.26758938869665516,0.26758938869665516;
0.27312572087658593,0.27312572087658593,0.27312572087658593;
0.2786620530565167,0.2786620530565167,0.2786620530565167;
0.28419838523644747,0.28419838523644747,0.28419838523644747;
0.28973471741637835,0.28973471741637835,0.28973471741637835;
0.2952710495963091,0.2952710495963091,0.2952710495963091;
0.3008073817762399,0.3008073817762399,0.3008073817762399;
0.30634371395617066,0.30634371395617066,0.30634371395617066;
0.31188004613610154,0.31188004613610154,0.31188004613610154;
0.3174163783160323,0.3174163783160323,0.3174163783160323;
0.3225836216839677,0.3225836216839677,0.3225836216839677;
0.32664359861591696,0.32664359861591696,0.32664359861591696;
0.33070357554786617,0.33070357554786617,0.33070357554786617;
0.3347635524798155,0.3347635524798155,0.3347635524798155;
0.33882352941176475,0.33882352941176475,0.33882352941176475;
0.34288350634371395,0.34288350634371395,0.34288350634371395;
0.3469434832756632,0.3469434832756632,0.3469434832756632;
0.35100346020761247,0.35100346020761247,0.35100346020761247;
0.35506343713956173,0.35506343713956173,0.35506343713956173;
0.359123414071511,0.359123414071511,0.359123414071511;
0.3631833910034602,0.3631833910034602,0.3631833910034602;
0.36724336793540946,0.36724336793540946,0.36724336793540946;
0.3713033448673587,0.3713033448673587,0.3713033448673587;
0.375363321799308,0.375363321799308,0.375363321799308;
0.37942329873125724,0.37942329873125724,0.37942329873125724;
0.3834832756632065,0.3834832756632065,0.3834832756632065;
0.3875432525951557,0.3875432525951557,0.3875432525951557;
0.39160322952710497,0.39160322952710497,0.39160322952710497;
0.3956632064590542,0.3956632064590542,0.3956632064590542;
0.3997231833910035,0.3997231833910035,0.3997231833910035;
0.4037831603229527,0.4037831603229527,0.4037831603229527;
0.40784313725490196,0.40784313725490196,0.40784313725490196;
0.4119031141868512,0.4119031141868512,0.4119031141868512;
0.4159630911188005,0.4159630911188005,0.4159630911188005;
0.42002306805074974,0.42002306805074974,0.42002306805074974;
0.424083044982699,0.424083044982699,0.424083044982699;
0.42814302191464815,0.42814302191464815,0.42814302191464815;
0.43220299884659746,0.43220299884659746,0.43220299884659746;
0.4362629757785467,0.4362629757785467,0.4362629757785467;
0.440322952710496,0.440322952710496,0.440322952710496;
0.4443829296424452,0.4443829296424452,0.4443829296424452;
0.44844290657439445,0.44844290657439445,0.44844290657439445;
0.45259515570934256,0.45259515570934256,0.45259515570934256;
0.45690119184928873,0.45690119184928873,0.45690119184928873;
0.46120722798923486,0.46120722798923486,0.46120722798923486;
0.4655132641291811,0.4655132641291811,0.4655132641291811;
0.46981930026912727,0.46981930026912727,0.46981930026912727;
0.47412533640907345,0.47412533640907345,0.47412533640907345;
0.47843137254901963,0.47843137254901963,0.47843137254901963;
0.4827374086889658,0.4827374086889658,0.4827374086889658;
0.487043444828912,0.487043444828912,0.487043444828912;
0.49134948096885817,0.49134948096885817,0.49134948096885817;
0.4956555171088043,0.4956555171088043,0.4956555171088043;
0.49996155324875047,0.49996155324875047,0.49996155324875047;
0.5042675893886966,0.5042675893886966,0.5042675893886966;
0.5085736255286428,0.5085736255286428,0.5085736255286428;
0.512879661668589,0.512879661668589,0.512879661668589;
0.5171856978085352,0.5171856978085352,0.5171856978085352;
0.5214917339484814,0.5214917339484814,0.5214917339484814;
0.5257977700884275,0.5257977700884275,0.5257977700884275;
0.5301038062283736,0.5301038062283736,0.5301038062283736;
0.5344098423683199,0.5344098423683199,0.5344098423683199;
0.5387158785082661,0.5387158785082661,0.5387158785082661;
0.5430219146482123,0.5430219146482123,0.5430219146482123;
0.5473279507881584,0.5473279507881584,0.5473279507881584;
0.5516339869281046,0.5516339869281046,0.5516339869281046;
0.5559400230680508,0.5559400230680508,0.5559400230680508;
0.560246059207997,0.560246059207997,0.560246059207997;
0.564552095347943,0.564552095347943,0.564552095347943;
0.5688581314878893,0.5688581314878893,0.5688581314878893;
0.5731641676278354,0.5731641676278354,0.5731641676278354;
0.5774702037677817,0.5774702037677817,0.5774702037677817;
0.5817762399077278,0.5817762399077278,0.5817762399077278;
0.586082276047674,0.586082276047674,0.586082276047674;
0.5906343713956171,0.5906343713956171,0.5906343713956171;
0.5954325259515572,0.5954325259515572,0.5954325259515572;
0.6002306805074972,0.6002306805074972,0.6002306805074972;
0.6050288350634372,0.6050288350634372,0.6050288350634372;
0.6098269896193771,0.6098269896193771,0.6098269896193771;
0.6146251441753172,0.6146251441753172,0.6146251441753172;
