function cmap = hot_r()

cmap = [1.0,1.0,1.0;
1.0,1.0,0.9845588080882198;
1.0,1.0,0.9691176161764397;
1.0,1.0,0.9536764242646596;
1.0,1.0,0.9382352323528794;
1.0,1.0,0.9227940404410993;
1.0,1.0,0.9073528485293191;
1.0,1.0,0.8919116566175389;
1.0,1.0,0.8764704647057588;
1.0,1.0,0.8610292727939787;
1.0,1.0,0.8455880808821985;
1.0,1.0,0.8301468889704183;
1.0,1.0,0.8147056970586382;
1.0,1.0,0.7992645051468581;
1.0,1.0,0.7838233132350779;
1.0,1.0,0.7683821213232978;
1.0,1.0,0.7529409294115176;
1.0,1.0,0.7374997374997374;
1.0,1.0,0.7220585455879573;
1.0,1.0,0.7066173536761772;
1.0,1.0,0.691176161764397;
1.0,1.0,0.6757349698526169;
1.0,1.0,0.6602937779408367;
1.0,1.0,0.6448525860290566;
1.0,1.0,0.6294113941172764;
1.0,1.0,0.6139702022054963;
1.0,1.0,0.5985290102937162;
1.0,1.0,0.5830878183819359;
1.0,1.0,0.5676466264701558;
1.0,1.0,0.5522054345583757;
1.0,1.0,0.5367642426465955;
1.0,1.0,0.5213230507348154;
1.0,1.0,0.5058818588230352;
1.0,1.0,0.4904406669112552;
1.0,1.0,0.4749994749994749;
1.0,1.0,0.45955828308769475;
1.0,1.0,0.4441170911759147;
1.0,1.0,0.42867589926413463;
1.0,1.0,0.41323470735235435;
1.0,1.0,0.3977935154405742;
1.0,1.0,0.382352323528794;
1.0,1.0,0.36691113161701405;
1.0,1.0,0.35146993970523377;
1.0,1.0,0.3360287477934536;
1.0,1.0,0.3205875558816734;
1.0,1.0,0.30514636396989336;
1.0,1.0,0.2897051720581132;
1.0,1.0,0.274263980146333;
1.0,1.0,0.25882278823455285;
1.0,1.0,0.2433815963227728;
1.0,1.0,0.2279404044109925;
1.0,1.0,0.21249921249921244;
1.0,1.0,0.19705802058743227;
1.0,1.0,0.1816168286756522;
1.0,1.0,0.16617563676387193;
1.0,1.0,0.15073444485209186;
1.0,1.0,0.1352932529403117;
1.0,1.0,0.11985206102853163;
1.0,1.0,0.10441086911675135;
1.0,1.0,0.08896967720497118;
1.0,1.0,0.07352848529319111;
1.0,1.0,0.058087293381411054;
1.0,1.0,0.04264610146963077;
1.0,1.0,0.0272049095578506;
1.0,1.0,0.011763717646070426;
1.0,0.9975483569250964,0.0;
1.0,0.9872542560059517,0.0;
1.0,0.9769601550868068,0.0;
1.0,0.9666660541676619,0.0;
1.0,0.9563719532485171,0.0;
1.0,0.9460778523293722,0.0;
1.0,0.9357837514102274,0.0;
1.0,0.9254896504910826,0.0;
1.0,0.9151955495719377,0.0;
1.0,0.9049014486527931,0.0;
1.0,0.8946073477336481,0.0;
1.0,0.8843132468145033,0.0;
1.0,0.8740191458953585,0.0;
1.0,0.8637250449762136,0.0;
1.0,0.8534309440570689,0.0;
1.0,0.843136843137924,0.0;
1.0,0.8328427422187792,0.0;
1.0,0.8225486412996345,0.0;
1.0,0.8122545403804895,0.0;
1.0,0.8019604394613447,0.0;
1.0,0.7916663385421998,0.0;
1.0,0.7813722376230551,0.0;
1.0,0.7710781367039102,0.0;
1.0,0.7607840357847654,0.0;
1.0,0.7504899348656205,0.0;
1.0,0.7401958339464758,0.0;
1.0,0.729901733027331,0.0;
1.0,0.7196076321081861,0.0;
1.0,0.7093135311890413,0.0;
1.0,0.6990194302698964,0.0;
1.0,0.6887253293507516,0.0;
1.0,0.6784312284316067,0.0;
1.0,0.6681371275124619,0.0;
1.0,0.6578430265933173,0.0;
1.0,0.6475489256741722,0.0;
1.0,0.6372548247550275,0.0;
1.0,0.6269607238358826,0.0;
1.0,0.6166666229167378,0.0;
1.0,0.6063725219975931,0.0;
1.0,0.5960784210784482,0.0;
1.0,0.5857843201593034,0.0;
1.0,0.5754902192401586,0.0;
1.0,0.5651961183210137,0.0;
1.0,0.5549020174018688,0.0;
1.0,0.544607916482724,0.0;
1.0,0.5343138155635792,0.0;
1.0,0.5240197146444343,0.0;
1.0,0.5137256137252896,0.0;
1.0,0.5034315128061447,0.0;
1.0,0.493137411887,0.0;
1.0,0.48284331096785504,0.0;
1.0,0.4725492100487102,0.0;
1.0,0.46225510912956547,0.0;
1.0,0.4519610082104206,0.0;
1.0,0.4416669072912758,0.0;
1.0,0.43137280637213093,0.0;
1.0,0.4210787054529861,0.0;
1.0,0.41078460453384147,0.0;
1.0,0.4004905036146965,0.0;
1.0,0.39019640269555167,0.0;
1.0,0.3799023017764068,0.0;
1.0,0.369608200857262,0.0;
1.0,0.35931409993811714,0.0;
1.0,0.3490199990189723,0.0;
1.0,0.33872589809982745,0.0;
1.0,0.3284317971806827,0.0;
1.0,0.3181376962615379,0.0;
1.0,0.30784359534239336,0.0;
1.0,0.2975494944232482,0.0;
1.0,0.28725539350410334,0.0;
1.0,0.2769612925849585,0.0;
1.0,0.26666719166581376,0.0;
1.0,0.2563730907466689,0.0;
1.0,0.24607898982752408,0.0;
1.0,0.23578488890837923,0.0;
1.0,0.2254907879892344,0.0;
1.0,0.21519668707008954,0.0;
1.0,0.2049025861509448,0.0;
1.0,0.19460848523179997,0.0;
1.0,0.18431438431265512,0.0;
1.0,0.17402028339351028,0.0;
1.0,0.16372618247436543,0.0;
1.0,0.1534320815552206,0.0;
1.0,0.14313798063607608,0.0;
1.0,0.132843879716931,0.0;
1.0,0.12254977879778617,0.0;
1.0,0.11225567787864132,0.0;
1.0,0.10196157695949648,0.0;
1.0,0.09166747604035164,0.0;
1.0,0.08137337512120679,0.0;
1.0,0.07107927420206206,0.0;
1.0,0.060785173282917215,0.0;
1.0,0.05049107236377237,0.0;
1.0,0.04019697144462753,0.0;
1.0,0.029902870525482683,0.0;
1.0,0.01960876960633784,0.0;
1.0,0.009314668687193106,0.0;
0.9990204970624411,0.0,0.0;
0.9887256530080062,0.0,0.0;
0.9784308089535717,0.0,0.0;
0.9681359648991366,0.0,0.0;
0.9578411208447016,0.0,0.0;
0.9475462767902668,0.0,0.0;
0.937251432735832,0.0,0.0;
0.9269565886813971,0.0,0.0;
0.9166617446269623,0.0,0.0;
0.9063669005725274,0.0,0.0;
0.8960720565180925,0.0,0.0;
0.8857772124636577,0.0,0.0;
0.8754823684092229,0.0,0.0;
0.865187524354788,0.0,0.0;
0.8548926803003531,0.0,0.0;
0.8445978362459183,0.0,0.0;
0.8343029921914834,0.0,0.0;
0.8240081481370486,0.0,0.0;
0.8137133040826141,0.0,0.0;
0.8034184600281788,0.0,0.0;
0.793123615973744,0.0,0.0;
0.7828287719193092,0.0,0.0;
0.7725339278648744,0.0,0.0;
0.7622390838104395,0.0,0.0;
0.7519442397560047,0.0,0.0;
0.7416493957015697,0.0,0.0;
0.7313545516471349,0.0,0.0;
0.7210597075927001,0.0,0.0;
0.7107648635382653,0.0,0.0;
0.7004700194838304,0.0,0.0;
0.6901751754293955,0.0,0.0;
0.6798803313749606,0.0,0.0;
0.6695854873205258,0.0,0.0;
0.659290643266091,0.0,0.0;
0.6489957992116564,0.0,0.0;
0.6387009551572214,0.0,0.0;
0.6284061111027865,0.0,0.0;
0.6181112670483516,0.0,0.0;
0.6078164229939167,0.0,0.0;
0.5975215789394819,0.0,0.0;
0.5872267348850471,0.0,0.0;
0.5769318908306122,0.0,0.0;
0.5666370467761774,0.0,0.0;
0.5563422027217425,0.0,0.0;
0.5460473586673076,0.0,0.0;
0.5357525146128728,0.0,0.0;
0.525457670558438,0.0,0.0;
0.5151628265040031,0.0,0.0;
0.5048679824495683,0.0,0.0;
0.4945731383951334,0.0,0.0;
0.4842782943406988,0.0,0.0;
0.47398345028626365,0.0,0.0;
0.46368860623182884,0.0,0.0;
0.453393762177394,0.0,0.0;
0.4430989181229592,0.0,0.0;
0.4328040740685243,0.0,0.0;
0.42250923001408947,0.0,0.0;
0.41221438595965454,0.0,0.0;
0.4019195419052197,0.0,0.0;
0.3916246978507849,0.0,0.0;
0.3813298537963501,0.0,0.0;
0.37103500974191517,0.0,0.0;
0.36074016568748035,0.0,0.0;
0.3504453216330454,0.0,0.0;
0.3401504775786106,0.0,0.0;
0.3298556335241758,0.0,0.0;
0.3195607894697413,0.0,0.0;
0.30926594541530605,0.0,0.0;
0.29897110136087124,0.0,0.0;
0.2886762573064363,0.0,0.0;
0.2783814132520015,0.0,0.0;
0.2680865691975667,0.0,0.0;
0.25779172514313187,0.0,0.0;
0.24749688108869705,0.0,0.0;
0.23720203703426213,0.0,0.0;
0.2269071929798273,0.0,0.0;
0.21661234892539238,0.0,0.0;
0.20631750487095757,0.0,0.0;
0.19602266081652275,0.0,0.0;
0.18572781676208794,0.0,0.0;
0.175432972707653,0.0,0.0;
0.1651381286532182,0.0,0.0;
0.1548432845987836,0.0,0.0;
0.14454844054434846,0.0,0.0;
0.13425359648991364,0.0,0.0;
0.12395875243547883,0.0,0.0;
0.1136639083810439,0.0,0.0;
0.10336906432660908,0.0,0.0;
0.09307422027217416,0.0,0.0;
0.08277937621773934,0.0,0.0;
0.07248453216330453,0.0,0.0;
0.06218968810886971,0.0,0.0;
0.051894844054434786,0.0,0.0;
0.0416,0.0,0.0;
];

end