function cmap = hsv()

cmap = [1.0,0.0,0.0;
1.0,0.02316178786767022,0.0;
1.0,0.04632357573534044,0.0;
1.0,0.06948536360301065,0.0;
1.0,0.09264715147068088,0.0;
1.0,0.1158089393383511,0.0;
1.0,0.1389707272060213,0.0;
1.0,0.16213251507369153,0.0;
1.0,0.18529430294136176,0.0;
1.0,0.20845609080903196,0.0;
1.0,0.2316178786767022,0.0;
1.0,0.2547796665443724,0.0;
1.0,0.2779414544120426,0.0;
1.0,0.3011032422797128,0.0;
1.0,0.32426503014738306,0.0;
1.0,0.34742681801505326,0.0;
1.0,0.3705886058827235,0.0;
1.0,0.3937503937503937,0.0;
1.0,0.4169121816180639,0.0;
1.0,0.4400739694857342,0.0;
1.0,0.4632357573534044,0.0;
1.0,0.48639754522107453,0.0;
1.0,0.5095593330887448,0.0;
1.0,0.532721120956415,0.0;
1.0,0.5558829088240852,0.0;
1.0,0.5790446966917554,0.0;
1.0,0.6022064845594256,0.0;
1.0,0.6253682724270958,0.0;
1.0,0.6485300602947661,0.0;
1.0,0.6716918481624363,0.0;
1.0,0.6948536360301065,0.0;
1.0,0.7180154238977768,0.0;
1.0,0.741177211765447,0.0;
1.0,0.764338999633117,0.0;
1.0,0.7875007875007874,0.0;
1.0,0.8106625753684576,0.0;
1.0,0.8338243632361279,0.0;
1.0,0.8569861511037979,0.0;
1.0,0.8801479389714684,0.0;
1.0,0.9033097268391386,0.0;
1.0,0.9264715147068088,0.0;
0.9959555658085071,0.9455888683829858,0.0;
0.9882349698526169,0.9610300602947661,0.0;
0.9805143738967269,0.9764712522065463,0.0;
0.9727937779408368,0.9919124441183264,0.0;
0.9577195459548403,1.0,0.0;
0.93455775808717,1.0,0.0;
0.9113959702194997,1.0,0.0;
0.8882341823518295,1.0,0.0;
0.8650723944841594,1.0,0.0;
0.8419106066164891,1.0,0.0;
0.8187488187488188,1.0,0.0;
0.7955870308811486,1.0,0.0;
0.7724252430134786,1.0,0.0;
0.7492634551458082,1.0,0.0;
0.726101667278138,1.0,0.0;
0.7029398794104678,1.0,0.0;
0.6797780915427977,1.0,0.0;
0.6566163036751272,1.0,0.0;
0.633454515807457,1.0,0.0;
0.6102927279397868,1.0,0.0;
0.5871309400721167,1.0,0.0;
0.5639691522044463,1.0,0.0;
0.5408073643367761,1.0,0.0;
0.5176455764691059,1.0,0.0;
0.4944837886014357,1.0,0.0;
0.4713220007337658,1.0,0.0;
0.4481602128660953,1.0,0.0;
0.424998424998425,1.0,0.0;
0.4018366371307548,1.0,0.0;
0.3786748492630846,1.0,0.0;
0.3555130613954144,1.0,0.0;
0.3323512735277442,1.0,0.0;
0.309189485660074,1.0,0.0;
0.2860276977924041,1.0,0.0;
0.2628659099247336,1.0,0.0;
0.23970412205706326,1.0,0.0;
0.21654233418939306,1.0,0.0;
0.19338054632172286,1.0,0.0;
0.17021875845405265,1.0,0.0;
0.14705697058638245,1.0,0.0;
0.12389518271871214,1.0,0.0;
0.10073339485104227,1.0,0.0;
0.07757160698337173,1.0,0.0;
0.05440981911570142,1.0,0.0;
0.03124934374934376,1.0,1.3125013124790507e-06;
0.0235287477934537,1.0,0.015442504413092598;
0.015808151837563643,1.0,0.030883696324872714;
0.008087555881673585,1.0,0.04632488823665283;
0.0003669599257835228,1.0,0.061766080148432954;
0.0,1.0,0.08456076910733497;
0.0,1.0,0.10772241105651532;
0.0,1.0,0.13088405300569536;
0.0,1.0,0.15404569495487538;
0.0,1.0,0.1772073369040554;
0.0,1.0,0.20036897885323546;
0.0,1.0,0.22353062080241548;
0.0,1.0,0.2466922627515955;
0.0,1.0,0.2698539047007752;
0.0,1.0,0.29301554664995555;
0.0,1.0,0.3161771885991356;
0.0,1.0,0.33933883054831565;
0.0,1.0,0.3625004724974957;
0.0,1.0,0.3856621144466757;
0.0,1.0,0.4088237563958557;
0.0,1.0,0.43198539834503574;
0.0,1.0,0.45514704029421543;
0.0,1.0,0.47830868224339584;
0.0,1.0,0.5014703241925758;
0.0,1.0,0.5246319661417559;
0.0,1.0,0.547793608090936;
0.0,1.0,0.5709552500401159;
0.0,1.0,0.594116891989296;
0.0,1.0,0.617278533938476;
0.0,1.0,0.6404401758876557;
0.0,1.0,0.6636018178368361;
0.0,1.0,0.6867634597860162;
0.0,1.0,0.7099251017351961;
0.0,1.0,0.7330867436843761;
0.0,1.0,0.7562483856335561;
0.0,1.0,0.7794100275827363;
0.0,1.0,0.8025716695319163;
0.0,1.0,0.825733311481096;
0.0,1.0,0.8488949534302763;
0.0,1.0,0.8720565953794563;
0.0,1.0,0.8952182373286364;
0.0,1.0,0.9183798792778164;
0.0,1.0,0.9415415212269964;
0.0,1.0,0.9647031631761764;
0.0,1.0,0.9878648051253566;
0.0,0.9889734834587774,1.0;
0.0,0.9658116955911072,1.0;
0.0,0.9426499077234377,1.0;
0.0,0.9194881198557668,1.0;
0.0,0.8963263319880966,1.0;
0.0,0.8731645441204264,1.0;
0.0,0.8500027562527561,1.0;
0.0,0.826840968385086,1.0;
0.0,0.8036791805174157,1.0;
0.0,0.7805173926497455,1.0;
0.0,0.7573556047820753,1.0;
0.0,0.7341938169144051,1.0;
0.0,0.7110320290467349,1.0;
0.0,0.6878702411790647,1.0;
0.0,0.6647084533113945,1.0;
0.0,0.6415466654437243,1.0;
0.0,0.6183848775760541,1.0;
0.0,0.5952230897083839,1.0;
0.0,0.5720613018407144,1.0;
0.0,0.5488995139730435,1.0;
0.0,0.5257377261053733,1.0;
0.0,0.5025759382377031,1.0;
0.0,0.4794141503700329,1.0;
0.0,0.4562523625023627,1.0;
0.0,0.43309057463469247,1.0;
0.0,0.40992878676702216,1.0;
0.0,0.38676699889935195,1.0;
0.0,0.36360521103168175,1.0;
0.0,0.34044342316401155,1.0;
0.0,0.31728163529634135,1.0;
0.0,0.29411984742867114,1.0;
0.0,0.27095805956100094,1.0;
0.0,0.24779627169333063,1.0;
0.0,0.22463448382566054,1.0;
0.0,0.201472695957991,1.0;
0.0,0.17831090809032013,1.0;
0.0,0.15514912022264993,1.0;
0.0,0.13198733235497973,1.0;
0.0,0.10882554448730952,1.0;
0.0,0.08566375661963932,1.0;
0.0,0.062501968751969,1.0;
0.00771993970523371,0.04706012058953258,1.0;
0.015440535661123769,0.03161892867775246,1.0;
0.023161131617013827,0.016177736765972346,1.0;
0.03088172757290389,0.0007365448541922226,1.0;
0.053306970586381903,0.0,1.0;
0.07646875845405214,0.0,1.0;
0.09963054632172239,0.0,1.0;
0.12279233418939263,0.0,1.0;
0.14595412205706287,0.0,1.0;
0.16911590992473247,0.0,1.0;
0.19227769779240333,0.0,1.0;
0.2154394856600736,0.0,1.0;
0.23860127352774382,0.0,1.0;
0.26176306139541405,0.0,1.0;
0.2849248492630843,0.0,1.0;
0.30808663713075457,0.0,1.0;
0.33124842499842483,0.0,1.0;
0.3544102128660951,0.0,1.0;
0.3775720007337653,0.0,1.0;
0.40073378860143555,0.0,1.0;
0.42389557646910575,0.0,1.0;
0.44705736433677606,0.0,1.0;
0.47021915220444627,0.0,1.0;
0.4933809400721165,0.0,1.0;
0.5165427279397867,0.0,1.0;
0.5397045158074564,0.0,1.0;
0.5628663036751272,0.0,1.0;
0.5860280915427974,0.0,1.0;
0.6091898794104678,0.0,1.0;
0.632351667278138,0.0,1.0;
0.6555134551458082,0.0,1.0;
0.6786752430134784,0.0,1.0;
0.7018370308811488,0.0,1.0;
0.724998818748819,0.0,1.0;
0.7481606066164892,0.0,1.0;
0.7713223944841594,0.0,1.0;
0.7944841823518297,0.0,1.0;
0.8176459702194999,0.0,1.0;
0.8408077580871701,0.0,1.0;
0.8639695459548403,0.0,1.0;
0.8871313338225106,0.0,1.0;
0.9102931216901803,0.0,1.0;
0.9334549095578512,0.0,1.0;
0.9566166974255214,0.0,1.0;
0.9724261617643972,0.0,0.9926476764712057;
0.9801467577202873,0.0,0.9772064845594255;
0.9878673536761773,0.0,0.9617652926476454;
0.9955879496320674,0.0,0.9463241007358653;
1.0,0.0,0.9275743632361277;
1.0,0.0,0.9044125753684575;
1.0,0.0,0.8812507875007872;
1.0,0.0,0.858088999633117;
1.0,0.0,0.8349272117654468;
1.0,0.0,0.8117654238977766;
1.0,0.0,0.7886036360301064;
1.0,0.0,0.7654418481624362;
1.0,0.0,0.742280060294766;
1.0,0.0,0.7191182724270964;
1.0,0.0,0.6959564845594255;
1.0,0.0,0.6727946966917553;
1.0,0.0,0.6496329088240851;
1.0,0.0,0.6264711209564149;
1.0,0.0,0.6033093330887447;
1.0,0.0,0.5801475452210745;
1.0,0.0,0.5569857573534043;
1.0,0.0,0.5338239694857341;
1.0,0.0,0.5106621816180639;
1.0,0.0,0.4875003937503936;
1.0,0.0,0.4643386058827234;
1.0,0.0,0.4411768180150532;
1.0,0.0,0.41801503014738306;
1.0,0.0,0.39485324227971275;
1.0,0.0,0.37169145441204254;
1.0,0.0,0.348529666544373;
1.0,0.0,0.32536787867670214;
1.0,0.0,0.30220609080903194;
1.0,0.0,0.27904430294136173;
1.0,0.0,0.2558825150736914;
1.0,0.0,0.23272072720602122;
1.0,0.0,0.20955893933835112;
1.0,0.0,0.18639715147068092;
1.0,0.0,0.16323536360301072;
1.0,0.0,0.1400735757353404;
1.0,0.0,0.1169117878676702;
1.0,0.0,0.09375;
];

end