function cmap = hsv_r()

cmap = [1.0,0.0,0.09375;
1.0,0.0,0.11691178786767022;
1.0,0.0,0.14007357573534043;
1.0,0.0,0.16323536360301066;
1.0,0.0,0.18639715147068087;
1.0,0.0,0.2095589393383511;
1.0,0.0,0.23272072720602133;
1.0,0.0,0.25588251507369153;
1.0,0.0,0.27904430294136173;
1.0,0.0,0.30220609080903194;
1.0,0.0,0.3253678786767022;
1.0,0.0,0.3485296665443724;
1.0,0.0,0.37169145441204265;
1.0,0.0,0.3948532422797128;
1.0,0.0,0.41801503014738306;
1.0,0.0,0.44117681801505326;
1.0,0.0,0.4643386058827235;
1.0,0.0,0.4875003937503937;
1.0,0.0,0.5106621816180639;
1.0,0.0,0.5338239694857342;
1.0,0.0,0.5569857573534044;
1.0,0.0,0.5801475452210746;
1.0,0.0,0.6033093330887448;
1.0,0.0,0.6264711209564151;
1.0,0.0,0.6496329088240853;
1.0,0.0,0.6727946966917555;
1.0,0.0,0.6959564845594256;
1.0,0.0,0.7191182724270958;
1.0,0.0,0.7422800602947661;
1.0,0.0,0.7654418481624363;
1.0,0.0,0.7886036360301065;
1.0,0.0,0.8117654238977767;
1.0,0.0,0.834927211765447;
1.0,0.0,0.858088999633117;
1.0,0.0,0.8812507875007874;
1.0,0.0,0.9044125753684576;
1.0,0.0,0.9275743632361279;
0.9955879496320674,0.0,0.9463241007358653;
0.9878673536761773,0.0,0.9617652926476454;
0.9801467577202871,0.0,0.9772064845594256;
0.9724261617643971,0.0,0.9926476764712058;
0.9566166974255214,0.0,1.0;
0.9334549095578509,0.0,1.0;
0.9102931216901807,0.0,1.0;
0.8871313338225105,0.0,1.0;
0.8639695459548404,0.0,1.0;
0.84080775808717,0.0,1.0;
0.8176459702194998,0.0,1.0;
0.7944841823518296,0.0,1.0;
0.7713223944841595,0.0,1.0;
0.7481606066164892,0.0,1.0;
0.7249988187488189,0.0,1.0;
0.7018370308811487,0.0,1.0;
0.6786752430134786,0.0,1.0;
0.6555134551458082,0.0,1.0;
0.632351667278138,0.0,1.0;
0.6091898794104678,0.0,1.0;
0.5860280915427978,0.0,1.0;
0.5628663036751274,0.0,1.0;
0.539704515807457,0.0,1.0;
0.5165427279397868,0.0,1.0;
0.4933809400721168,0.0,1.0;
0.4702191522044464,0.0,1.0;
0.4470573643367761,0.0,1.0;
0.4238955764691059,0.0,1.0;
0.4007337886014357,0.0,1.0;
0.37757200073376584,0.0,1.0;
0.3544102128660952,0.0,1.0;
0.331248424998425,0.0,1.0;
0.3080866371307548,0.0,1.0;
0.2849248492630845,0.0,1.0;
0.2617630613954143,0.0,1.0;
0.23860127352774407,0.0,1.0;
0.21543948566007387,0.0,1.0;
0.192277697792404,0.0,1.0;
0.16911590992473335,0.0,1.0;
0.14595412205706315,0.0,1.0;
0.12279233418939295,0.0,1.0;
0.09963054632172264,0.0,1.0;
0.07646875845405243,0.0,1.0;
0.05330697058638223,0.0,1.0;
0.030881727572903996,0.0007365448541920054,1.0;
0.023161131617014045,0.016177736765971906,1.0;
0.01544053566112388,0.03161892867775224,1.0;
0.007719939705233821,0.04706012058953236,1.0;
0.0,0.06250196875196871,1.0;
0.0,0.08566375661963893,1.0;
0.0,0.10882554448730916,1.0;
0.0,0.1319873323549794,1.0;
0.0,0.1551491202226496,1.0;
0.0,0.1783109080903195,1.0;
0.0,0.20147269595799003,1.0;
0.0,0.22463448382566026,1.0;
0.0,0.24779627169333046,1.0;
0.0,0.2709580595610007,1.0;
0.0,0.2941198474286709,1.0;
0.0,0.3172816352963411,1.0;
0.0,0.3404434231640113,1.0;
0.0,0.36360521103168125,1.0;
0.0,0.3867669988993518,1.0;
0.0,0.409928786767022,1.0;
0.0,0.4330905746346922,1.0;
0.0,0.45625236250236245,1.0;
0.0,0.47941415037003265,1.0;
0.0,0.5025759382377029,1.0;
0.0,0.5257377261053731,1.0;
0.0,0.548899513973043,1.0;
0.0,0.5720613018407135,1.0;
0.0,0.5952230897083837,1.0;
0.0,0.618384877576054,1.0;
0.0,0.6415466654437242,1.0;
0.0,0.6647084533113944,1.0;
0.0,0.6878702411790646,1.0;
0.0,0.7110320290467348,1.0;
0.0,0.7341938169144047,1.0;
0.0,0.7573556047820752,1.0;
0.0,0.7805173926497455,1.0;
0.0,0.8036791805174157,1.0;
0.0,0.8268409683850859,1.0;
0.0,0.8500027562527561,1.0;
0.0,0.8731645441204263,1.0;
0.0,0.8963263319880965,1.0;
0.0,0.9194881198557664,1.0;
0.0,0.9426499077234369,1.0;
0.0,0.9658116955911071,1.0;
0.0,0.9889734834587774,1.0;
0.0,1.0,0.9878648051253565;
0.0,1.0,0.9647031631761764;
0.0,1.0,0.9415415212269964;
0.0,1.0,0.9183798792778164;
0.0,1.0,0.8952182373286364;
0.0,1.0,0.8720565953794563;
0.0,1.0,0.848894953430277;
0.0,1.0,0.8257333114810963;
0.0,1.0,0.8025716695319163;
0.0,1.0,0.7794100275827363;
0.0,1.0,0.7562483856335562;
0.0,1.0,0.7330867436843762;
0.0,1.0,0.7099251017351962;
0.0,1.0,0.6867634597860162;
0.0,1.0,0.6636018178368361;
0.0,1.0,0.6404401758876561;
0.0,1.0,0.6172785339384761;
0.0,1.0,0.5941168919892961;
0.0,1.0,0.570955250040116;
0.0,1.0,0.547793608090936;
0.0,1.0,0.524631966141756;
0.0,1.0,0.501470324192576;
0.0,1.0,0.4783086822433966;
0.0,1.0,0.45514704029421604;
0.0,1.0,0.4319853983450359;
0.0,1.0,0.4088237563958559;
0.0,1.0,0.38566211444667586;
0.0,1.0,0.36250047249749584;
0.0,1.0,0.3393388305483158;
0.0,1.0,0.3161771885991359;
0.0,1.0,0.2930155466499559;
0.0,1.0,0.26985390470077586;
0.0,1.0,0.24669226275159573;
0.0,1.0,0.2235306208024157;
0.0,1.0,0.20036897885323568;
0.0,1.0,0.17720733690405566;
0.0,1.0,0.15404569495487563;
0.0,1.0,0.13088405300569572;
0.0,1.0,0.10772241105651625;
0.0,1.0,0.08456076910733568;
0.00036695992578341394,1.0,0.06176608014843317;
0.008087555881673474,1.0,0.04632488823665305;
0.015808151837563532,1.0,0.030883696324872936;
0.02352874779345359,1.0,0.01544250441309282;
0.031249343749343652,1.0,1.3125013126960572e-06;
0.0544098191157012,1.0,0.0;
0.07757160698337143,1.0,0.0;
0.10073339485104169,1.0,0.0;
0.12389518271871193,1.0,0.0;
0.14705697058638217,1.0,0.0;
0.1702187584540524,1.0,0.0;
0.19338054632172264,1.0,0.0;
0.2165423341893929,1.0,0.0;
0.23970412205706312,1.0,0.0;
0.2628659099247327,1.0,0.0;
0.28602769779240367,1.0,0.0;
0.30918948566007387,1.0,0.0;
0.33235127352774413,1.0,0.0;
0.35551306139541433,1.0,0.0;
0.3786748492630846,1.0,0.0;
0.40183663713075485,1.0,0.0;
0.4249984249984251,1.0,0.0;
0.4481602128660953,1.0,0.0;
0.47132200073376557,1.0,0.0;
0.4944837886014358,1.0,0.0;
0.517645576469106,1.0,0.0;
0.5408073643367763,1.0,0.0;
0.5639691522044465,1.0,0.0;
0.5871309400721167,1.0,0.0;
0.610292727939787,1.0,0.0;
0.6334545158074566,1.0,0.0;
0.6566163036751276,1.0,0.0;
0.6797780915427978,1.0,0.0;
0.702939879410468,1.0,0.0;
0.7261016672781383,1.0,0.0;
0.7492634551458085,1.0,0.0;
0.7724252430134787,1.0,0.0;
0.7955870308811489,1.0,0.0;
0.8187488187488192,1.0,0.0;
0.8419106066164894,1.0,0.0;
0.8650723944841596,1.0,0.0;
0.8882341823518299,1.0,0.0;
0.9113959702195003,1.0,0.0;
0.9345577580871705,1.0,0.0;
0.9577195459548407,1.0,0.0;
0.972793777940837,0.9919124441183261,0.0;
0.9805143738967268,0.9764712522065464,0.0;
0.988234969852617,0.9610300602947659,0.0;
0.9959555658085071,0.9455888683829857,0.0;
1.0,0.9264715147068084,0.0;
1.0,0.9033097268391382,0.0;
1.0,0.8801479389714679,0.0;
1.0,0.8569861511037977,0.0;
1.0,0.8338243632361275,0.0;
1.0,0.8106625753684573,0.0;
1.0,0.7875007875007871,0.0;
1.0,0.7643389996331169,0.0;
1.0,0.7411772117654467,0.0;
1.0,0.7180154238977765,0.0;
1.0,0.6948536360301063,0.0;
1.0,0.6716918481624361,0.0;
1.0,0.6485300602947659,0.0;
1.0,0.6253682724270964,0.0;
1.0,0.6022064845594255,0.0;
1.0,0.5790446966917553,0.0;
1.0,0.5558829088240851,0.0;
1.0,0.5327211209564149,0.0;
1.0,0.5095593330887447,0.0;
1.0,0.48639754522107437,0.0;
1.0,0.4632357573534042,0.0;
1.0,0.440073969485734,0.0;
1.0,0.41691218161806376,0.0;
1.0,0.39375039375039356,0.0;
1.0,0.37058860588272335,0.0;
1.0,0.34742681801505315,0.0;
1.0,0.32426503014738295,0.0;
1.0,0.30110324227971275,0.0;
1.0,0.27794145441204254,0.0;
1.0,0.254779666544373,0.0;
1.0,0.23161787867670203,0.0;
1.0,0.20845609080903182,0.0;
1.0,0.18529430294136173,0.0;
1.0,0.16213251507369153,0.0;
1.0,0.13897072720602133,0.0;
1.0,0.11580893933835112,0.0;
1.0,0.09264715147068081,0.0;
1.0,0.06948536360301061,0.0;
1.0,0.046323575735340405,0.0;
1.0,0.023161787867670203,0.0;
1.0,0.0,0.0;
];

end