function cmap = jet_r()

cmap = [0.5,0.0,0.0;
0.517825311942959,0.0,0.0;
0.535650623885918,0.0,0.0;
0.553475935828877,0.0,0.0;
0.571301247771836,0.0,0.0;
0.589126559714795,0.0,0.0;
0.606951871657754,0.0,0.0;
0.624777183600713,0.0,0.0;
0.642602495543672,0.0,0.0;
0.660427807486631,0.0,0.0;
0.67825311942959,0.0,0.0;
0.696078431372549,0.0,0.0;
0.713903743315508,0.0,0.0;
0.731729055258467,0.0,0.0;
0.749554367201426,0.0,0.0;
0.767379679144385,0.0,0.0;
0.785204991087344,0.0,0.0;
0.803030303030303,0.0,0.0;
0.820855614973262,0.0,0.0;
0.8386809269162211,0.0,0.0;
0.8565062388591801,0.0,0.0;
0.8743315508021391,0.0,0.0;
0.8921568627450981,0.0,0.0;
0.9099821746880571,0.0007262164124910357,0.0;
0.9278074866310161,0.01525054466230948,0.0;
0.9456327985739751,0.029774872912127923,0.0;
0.9634581105169341,0.04429920116194637,0.0;
0.9812834224598931,0.05882352941176481,0.0;
0.9991087344028521,0.07334785766158326,0.0;
1.0,0.0878721859114017,0.0;
1.0,0.10239651416122014,0.0;
1.0,0.11692084241103859,0.0;
1.0,0.13144517066085704,0.0;
1.0,0.14596949891067537,0.0;
1.0,0.16049382716049393,0.0;
1.0,0.17501815541031238,0.0;
1.0,0.18954248366013082,0.0;
1.0,0.20406681190994916,0.0;
1.0,0.2185911401597677,0.0;
1.0,0.23311546840958614,0.0;
1.0,0.24763979665940458,0.0;
1.0,0.2621641249092229,0.0;
1.0,0.27668845315904145,0.0;
1.0,0.2912127814088599,0.0;
1.0,0.30573710965867834,0.0;
1.0,0.3202614379084967,0.0;
1.0,0.33478576615831523,0.0;
1.0,0.3493100944081337,0.0;
1.0,0.36383442265795213,0.0;
1.0,0.3783587509077705,0.0;
1.0,0.392883079157589,0.0;
1.0,0.4074074074074075,0.0;
1.0,0.4219317356572259,0.0;
1.0,0.4364560639070443,0.0;
1.0,0.4509803921568628,0.0;
1.0,0.4655047204066813,0.0;
1.0,0.48002904865649976,0.0;
1.0,0.49455337690631795,0.0;
1.0,0.5090777051561366,0.0;
1.0,0.5236020334059551,0.0;
1.0,0.5381263616557735,0.0;
1.0,0.5526506899055917,0.0;
1.0,0.5671750181554104,0.0;
1.0,0.5816993464052288,0.0;
1.0,0.5962236746550473,0.0;
1.0,0.6107480029048657,0.0;
1.0,0.625272331154684,0.0;
1.0,0.6397966594045026,0.0;
1.0,0.6543209876543211,0.0;
1.0,0.6688453159041395,0.0;
1.0,0.683369644153958,0.0;
1.0,0.6978939724037764,0.0;
1.0,0.7124183006535948,0.0;
1.0,0.7269426289034133,0.0;
1.0,0.7414669571532315,0.0;
1.0,0.7559912854030502,0.0;
1.0,0.7705156136528686,0.0;
1.0,0.7850399419026871,0.0;
1.0,0.7995642701525055,0.0;
1.0,0.814088598402324,0.0;
1.0,0.8286129266521424,0.0;
1.0,0.8431372549019609,0.0;
1.0,0.8576615831517791,0.0;
1.0,0.8721859114015977,0.0;
1.0,0.8867102396514162,0.0;
1.0,0.9012345679012346,0.0;
1.0,0.9157588961510531,0.0;
0.9962049335863377,0.9302832244008715,0.0;
0.9835547122074635,0.9448075526506899,0.0;
0.9709044908285893,0.9593318809005084,0.0;
0.9582542694497154,0.9738562091503267,0.00948766603415542;
0.9456040480708411,0.9883805374001453,0.022137887413029734;
0.932953826691967,1.0,0.03478810879190387;
0.9203036053130929,1.0,0.047438330170778;
0.9076533839342187,1.0,0.06008855154965213;
0.8950031625553446,1.0,0.07273877292852626;
0.8823529411764705,1.0,0.08538899430740039;
0.8697027197975964,1.0,0.09803921568627454;
0.8570524984187224,1.0,0.11068943706514849;
0.844402277039848,1.0,0.1233396584440228;
0.831752055660974,1.0,0.13598987982289693;
0.8191018342820998,1.0,0.14864010120177107;
0.8064516129032258,1.0,0.16129032258064518;
0.7938013915243516,1.0,0.17394054395951933;
0.7811511701454774,1.0,0.18659076533839347;
0.7685009487666032,1.0,0.1992409867172676;
0.7558507273877293,1.0,0.21189120809614154;
0.7432005060088551,1.0,0.22454142947501587;
0.730550284629981,1.0,0.23719165085389;
0.7179000632511068,1.0,0.24984187223276413;
0.7052498418722326,1.0,0.2624920936116383;
0.6925996204933585,1.0,0.2751423149905124;
0.6799493991144845,1.0,0.2877925363693865;
0.6672991777356103,1.0,0.3004427577482607;
0.6546489563567364,1.0,0.31309297912713463;
0.641998734977862,1.0,0.3257432005060089;
0.6293485135989879,1.0,0.3383934218848831;
0.6166982922201137,1.0,0.3510436432637572;
0.6040480708412397,1.0,0.3636938646426313;
0.5913978494623655,1.0,0.37634408602150543;
0.5787476280834913,1.0,0.3889943074003796;
0.5660974067046172,1.0,0.4016445287792537;
0.5534471853257432,1.0,0.41429475015812767;
0.540796963946869,1.0,0.426944971537002;
0.5281467425679949,1.0,0.4395951929158761;
0.5154965211891207,1.0,0.45224541429475024;
0.5028462998102465,1.0,0.4648956356736244;
0.4901960784313725,1.0,0.4775458570524985;
0.4775458570524983,1.0,0.49019607843137264;
0.46489563567362424,1.0,0.5028462998102468;
0.45224541429475007,1.0,0.5154965211891209;
0.439595192915876,1.0,0.5281467425679951;
0.42694497153700217,1.0,0.5407969639468688;
0.41429475015812767,1.0,0.5534471853257433;
0.4016445287792536,1.0,0.5660974067046175;
0.38899430740037944,1.0,0.5787476280834916;
0.3763440860215054,1.0,0.5913978494623657;
0.3636938646426312,1.0,0.6040480708412399;
0.35104364326375703,1.0,0.616698292220114;
0.338393421884883,1.0,0.6293485135989881;
0.3257432005060088,1.0,0.6419987349778623;
0.31309297912713463,1.0,0.6546489563567364;
0.30044275774826057,1.0,0.6672991777356105;
0.2877925363693864,1.0,0.6799493991144846;
0.27514231499051234,1.0,0.6925996204933588;
0.26249209361163817,1.0,0.7052498418722329;
0.249841872232764,1.0,0.717900063251107;
0.23719165085388993,1.0,0.7305502846299812;
0.2245414294750161,1.0,0.743200506008855;
0.2118912080961417,1.0,0.7558507273877294;
0.19924098671726753,1.0,0.7685009487666036;
0.18659076533839336,1.0,0.7811511701454777;
0.1739405439595193,1.0,0.7938013915243518;
0.16129032258064513,1.0,0.806451612903226;
0.14864010120177096,1.0,0.8191018342821001;
0.1359898798228969,1.0,0.8317520556609742;
0.12333965844402273,1.0,0.8444022770398484;
0.11068943706514867,1.0,0.8570524984187226;
0.0980392156862745,1.0,0.8697027197975966;
0.08538899430740032,1.0,0.8823529411764708;
0.07273877292852626,0.9901960784313726,0.895003162555345;
0.06008855154965209,0.9745098039215686,0.907653383934219;
0.04743833017077803,0.9588235294117647,0.9203036053130932;
0.03478810879190386,0.9431372549019608,0.9329538266919674;
0.022137887413030133,0.9274509803921573,0.9456040480708411;
0.009487666034155628,0.9117647058823529,0.9582542694497156;
0.0,0.8960784313725491,0.9709044908285898;
0.0,0.8803921568627451,0.9835547122074638;
0.0,0.8647058823529412,0.996204933586338;
0.0,0.8490196078431372,1.0;
0.0,0.8333333333333334,1.0;
0.0,0.8176470588235294,1.0;
0.0,0.8019607843137255,1.0;
0.0,0.7862745098039216,1.0;
0.0,0.7705882352941177,1.0;
0.0,0.7549019607843137,1.0;
0.0,0.7392156862745098,1.0;
0.0,0.7235294117647059,1.0;
0.0,0.7078431372549019,1.0;
0.0,0.692156862745098,1.0;
0.0,0.6764705882352946,1.0;
0.0,0.6607843137254902,1.0;
0.0,0.6450980392156862,1.0;
0.0,0.6294117647058823,1.0;
0.0,0.6137254901960785,1.0;
0.0,0.5980392156862745,1.0;
0.0,0.5823529411764705,1.0;
0.0,0.5666666666666667,1.0;
0.0,0.5509803921568628,1.0;
0.0,0.5352941176470588,1.0;
0.0,0.5196078431372548,1.0;
0.0,0.503921568627451,1.0;
0.0,0.4882352941176471,1.0;
0.0,0.4725490196078431,1.0;
0.0,0.45686274509803926,1.0;
0.0,0.4411764705882353,1.0;
0.0,0.42549019607843186,1.0;
0.0,0.40980392156862744,1.0;
0.0,0.3941176470588236,1.0;
0.0,0.3784313725490196,1.0;
0.0,0.36274509803921573,1.0;
0.0,0.34705882352941175,1.0;
0.0,0.3313725490196079,1.0;
0.0,0.3156862745098039,1.0;
0.0,0.30000000000000004,1.0;
0.0,0.28431372549019607,1.0;
0.0,0.2686274509803922,1.0;
0.0,0.2529411764705882,1.0;
0.0,0.23725490196078436,1.0;
0.0,0.22156862745098038,1.0;
0.0,0.20588235294117652,1.0;
0.0,0.19019607843137254,1.0;
0.0,0.17450980392156912,1.0;
0.0,0.1588235294117647,1.0;
0.0,0.14313725490196083,1.0;
0.0,0.12745098039215685,1.0;
0.0,0.11176470588235299,1.0;
0.0,0.09607843137254901,1.0;
0.0,0.08039215686274515,1.0;
0.0,0.06470588235294117,1.0;
0.0,0.0490196078431373,1.0;
0.0,0.033333333333333326,1.0;
0.0,0.01764705882352946,1.0;
0.0,0.0019607843137254832,1.0;
0.0,0.0,1.0;
0.0,0.0,1.0;
0.0,0.0,1.0;
0.0,0.0,0.9991087344028523;
0.0,0.0,0.9812834224598939;
0.0,0.0,0.9634581105169343;
0.0,0.0,0.9456327985739753;
0.0,0.0,0.9278074866310163;
0.0,0.0,0.9099821746880573;
