function cmap = pink()

cmap = [0.1178,0.0,0.0;
0.13708468987292516,0.02541471953236659,0.02541471953236659;
0.15636937974585033,0.05082943906473318,0.05082943906473318;
0.1756540696187755,0.07624415859709976,0.07624415859709976;
0.19493875949170067,0.10165887812946636,0.10165887812946636;
0.20875212652265593,0.11289493498887616,0.11289493498887616;
0.22229195182718714,0.1234221219866514,0.1234221219866514;
0.23583177713171832,0.1339493089844266,0.1339493089844266;
0.2493716024362495,0.14447649598220186,0.14447649598220186;
0.26067678198272315,0.15278736681601388,0.15278736681601388;
0.2717467577585813,0.1608649631289043,0.1608649631289043;
0.2828167335344394,0.16894255944179473,0.16894255944179473;
0.29388670931029753,0.17702015575468516,0.17702015575468516;
0.3036964542082189,0.18401117088211205,0.18401117088211205;
0.313296181455005,0.19082110710381298,0.19082110710381298;
0.322895908701791,0.1976310433255139,0.1976310433255139;
0.3324956359485771,0.20444097954721482,0.20444097954721482;
0.3412817461097461,0.21059490199290198,0.21059490199290198;
0.3498764370573782,0.2165944844630727,0.2165944844630727;
0.35847112800501035,0.2225940669332434,0.2225940669332434;
0.36706581895264245,0.2285936494034141,0.2285936494034141;
0.37509428252934135,0.23415463154969035,0.23415463154969035;
0.3829458197926433,0.2395785663853899,0.2395785663853899;
0.3907973570559453,0.24500250122108944,0.24500250122108944;
0.39864889431924727,0.25042643605678894,0.25042643605678894;
0.4060872994763583,0.25553906587953645,0.25553906587953645;
0.41336047145541266,0.2605271885147179,0.2605271885147179;
0.42063364343446696,0.2655153111498994,0.2655153111498994;
0.4279068154135213,0.27050343378508085,0.27050343378508085;
0.43486900915971505,0.275261122867417,0.275261122867417;
0.4416757336134983,0.2799036098628452,0.2799036098628452;
0.4484824580672816,0.28454609685827337,0.28454609685827337;
0.4552891825210649,0.2891885838537015,0.2891885838537015;
0.4618563883249765,0.2936565556642615,0.2936565556642615;
0.4682762182742183,0.29801714826014825,0.29801714826014825;
0.47469604822345995,0.30237774085603497,0.30237774085603497;
0.4811158781727017,0.3067383334519217,0.3067383334519217;
0.48734835481511946,0.3109638114173408,0.3109638114173408;
0.4934403373776903,0.31508796848267434,0.31508796848267434;
0.4995323199402611,0.3192121255480079,0.3192121255480079;
0.5056243025028319,0.3233362826133414,0.3233362826133414;
0.5115686146842029,0.3273549608349608,0.3273549608349608;
0.5173787028472322,0.3312777647577647,0.3312777647577647;
0.5231887910102616,0.33520056868056863,0.33520056868056863;
0.5289988791732909,0.33912337260337255,0.33912337260337255;
0.5346917797925445,0.3429628745372274,0.3429628745372274;
0.5402557971212677,0.3467107606380547,0.3467107606380547;
0.545819814449991,0.350458646738882,0.350458646738882;
0.5513838317787141,0.35420653283970926,0.35420653283970926;
0.556854661983662,0.3578888702705173,0.3578888702705173;
0.5622012673302673,0.3614838268066503,0.3614838268066503;
0.5675478726768727,0.3650787833427833,0.3650787833427833;
0.572894478023478,0.36867373987891633,0.36867373987891633;
0.5781672848689907,0.3722169245073951,0.3722169245073951;
0.5833201959042548,0.37567599855470446,0.37567599855470446;
0.5884731069395187,0.3791350726020138,0.3791350726020138;
0.5936260179747826,0.3825941466493231,0.3825941466493231;
0.5987208602584484,0.3860127784880726,0.3860127784880726;
0.6036995946489476,0.389350546531723,0.389350546531723;
0.6086783290394466,0.3926883145753734,0.3926883145753734;
0.6136570634299457,0.3960260826190238,0.3960260826190238;
0.6185908941178941,0.3993325027948557,0.3993325027948557;
0.6234124989394989,0.40256057661116484,0.40256057661116484;
0.6282341037611038,0.4057886504274739,0.4057886504274739;
0.6330557085827085,0.40901672424378305,0.40901672424378305;
0.637843068763951,0.4122210857060269,0.4122210857060269;
0.6425208852064733,0.41534959471688876,0.41534959471688876;
0.6471987016489957,0.4184781037277508,0.4184781037277508;
0.651876518091518,0.4216066127386127,0.4216066127386127;
0.656529337246749,0.42471789198083315,0.42471789198083315;
0.6610759653227889,0.4277559773718597,0.4277559773718597;
0.6656225933988287,0.4307940627628863,0.4307940627628863;
0.6701692214748686,0.43383214815391286,0.43383214815391286;
0.6746985819081114,0.4368582980372392,0.4368582980372392;
0.6791243980986333,0.4398128774624068,0.4398128774624068;
0.6835502142891555,0.4427674568875745,0.4427674568875745;
0.6879760304796776,0.44572203631274215,0.44572203631274215;
0.6923911792290028,0.44866931572296276,0.44866931572296276;
0.6967050776605482,0.451547306836248,0.451547306836248;
0.7010189760920937,0.45442529794953324,0.45442529794953324;
0.7053328745236392,0.4573032890628185,0.4573032890628185;
0.7096418351584822,0.46017788617741556,0.46017788617741556;
0.713852215839451,0.4629847242783713,0.4629847242783713;
0.71806259652042,0.46579156237932706,0.46579156237932706;
0.7222729772013889,0.46859840048028284,0.46859840048028284;
0.7264833496713496,0.47140523295323294,0.47140523295323294;
0.7305971302557185,0.474145859223271,0.474145859223271;
0.7347109108400872,0.47688648549330903,0.47688648549330903;
0.7388246914244561,0.47962711176334705,0.47962711176334705;
0.7429384720088249,0.48236773803338506,0.48236773803338506;
0.7469665974407149,0.48504977053153514,0.48504977053153514;
0.7509904485233897,0.4877288790929967,0.4877288790929967;
0.7550142996060643,0.49040798765445826,0.49040798765445826;
0.7590381506887389,0.49308709621591973,0.49308709621591973;
0.7609713375259257,0.4987535386431269,0.4957141170133523;
0.7626846921804569,0.5047340975648622,0.49833566081136665;
0.764398046834988,0.5107146564865976,0.5009572046093811;
0.7661114014895192,0.5166952154083331,0.5035787484073955;
0.7678116252311546,0.5224466187211481,0.5061536986435221;
0.7695096622233093,0.5281598597285068,0.5087208894460071;
0.771207699215464,0.5338731007358655,0.511288080248492;
0.7729057362076186,0.5395863417432242,0.513855271050977;
0.7745917716877717,0.5451095588105589,0.5163816567126568;
0.776274985135691,0.5505880937008585,0.5188984474647416;
0.7779581985836104,0.5560666285911581,0.5214152382168264;
0.7796414120315297,0.5615451634814577,0.5239320289689113;
0.7813135180519887,0.5668653704650763,0.5264119204704498;
0.7829821550147433,0.5721361286770111,0.5288802876446994;
0.7846507919774979,0.5774068868889458,0.531348654818949;
0.7863194289402525,0.5826776451008805,0.5338170219931986;
0.7879778290326526,0.5878156769937358,0.5362532665742666;
0.7896321365693131,0.592900646784588,0.5386766689976691;
0.7912864441059735,0.5979856165754401,0.5411000714210714;
0.792940751642634,0.6030705863662923,0.5435234738444739;
0.7945858340726576,0.6080438664732194,0.5459182125436831;
0.7962263063013651,0.6129613302142126,0.5482986266888031;
0.7978667785300726,0.6178787939552057,0.5506790408339232;
0.7995072507587802,0.622796257696199,0.5530594549790432;
0.8011394625896978,0.627619644684586,0.5554146290198054;
0.8027665936285936,0.6323851670971672,0.5577542784182784;
0.8043937246674894,0.6371506895097484,0.5600939278167514;
0.8060208557063852,0.6419162119223296,0.5624335772152244;
0.8076403615882439,0.6466026586323057,0.5647511983822572;
0.8092541514373279,0.6512298279653574,0.5670523065657184;
0.8108679412864119,0.6558569972984091,0.5693534147491794;
0.8124817311354959,0.6604841666314608,0.5716545229326406;
0.8140887371135931,0.6650443949151036,0.5739361399550875;
0.8156895790378643,0.6695437983050345,0.5762000466516959;
0.8172904209621357,0.6740432016949655,0.5784639533483042;
0.8188912628864069,0.6785426050848965,0.5807278600449126;
0.8204862720145073,0.6829862757376874,0.5829752507600156;
0.8220748618383912,0.687368609531786,0.5852044647539354;
0.8236634516622752,0.6917509433258844,0.5874336787478552;
0.8252520414861592,0.696133277119983,0.5896628927417752;
0.8268352328346446,0.7004691416846711,0.591877710801299;
0.8284112226459285,0.7047430165467813,0.5940733247616189;
