function cmap = pink_r()

cmap = [1.0,1.0,1.0;
0.9986893516305281,0.9986893516305281,0.9960883137353725;
0.9973787032610562,0.9973787032610562,0.9921766274707451;
0.9960680548915843,0.9960680548915843,0.9882649412061177;
0.9947574065221124,0.9947574065221124,0.9843532549414903;
0.9934399345874052,0.9934399345874052,0.9803806271804507;
0.9921221215048862,0.9921221215048862,0.9764049526165409;
0.9908043084223673,0.9908043084223673,0.972429278052631;
0.9894864953398483,0.9894864953398483,0.9684536034887212;
0.988162423371541,0.988162423371541,0.9644171283200107;
0.9868376926350456,0.9868376926350456,0.9603742536889007;
0.9855129618985501,0.9855129618985501,0.9563313790577908;
0.9841882311620547,0.9841882311620547,0.9522885044266809;
0.9828571473880297,0.9828571473880297,0.9481850641711229;
0.9815250048794166,0.9815250048794166,0.9440715306458247;
0.9801928623708035,0.9801928623708035,0.9399579971205265;
0.9788607198621905,0.9788607198621905,0.9358444635952283;
0.9775225772275772,0.9775225772275772,0.9316705288015288;
0.9761830229468464,0.9761830229468464,0.9274823834369128;
0.9748434686661157,0.9748434686661157,0.9232942380722969;
0.973503914385385,0.973503914385385,0.919106092707681;
0.9721587128901834,0.9721587128901834,0.9148577103887103;
0.9708117468373351,0.9708117468373351,0.9105905061215062;
0.9694647807844866,0.9694647807844866,0.9063233018543019;
0.9681178147316383,0.9681178147316383,0.9020560975870976;
0.9667653778990838,0.9667653778990838,0.8977295971269501;
0.9654107530150471,0.9654107530150471,0.8933793810120281;
0.9640561281310105,0.9640561281310105,0.889029164897106;
0.9627015032469739,0.9627015032469739,0.8846789487821841;
0.9613417722584782,0.9613417722584782,0.8802694359703183;
0.9599794885432533,0.9599794885432533,0.8758302785899844;
0.9586172048280284,0.9586172048280284,0.8713911212096506;
0.9572549211128035,0.9572549211128035,0.8669519638293167;
0.9558877430190371,0.9558877430190371,0.8624546857038033;
0.9545175534135534,0.9545175534135534,0.8579216458766459;
0.9531473638080696,0.9531473638080696,0.8533886060494884;
0.951777174202586,0.951777174202586,0.8488555662223309;
0.9504023254719137,0.9504023254719137,0.8442652050367934;
0.9490239829171006,0.9490239829171006,0.8396318592269769;
0.9476456403622874,0.9476456403622874,0.8349985134171605;
0.9462672978074743,0.9462672978074743,0.8303651676073441;
0.9448846843301549,0.9448846843301549,0.825675393851688;
0.9434981888260123,0.9434981888260123,0.8209343302870951;
0.9421116933218698,0.9421116933218698,0.816193266722502;
0.9407251978177272,0.9407251978177272,0.811452203157909;
0.9393347019355843,0.9393347019355843,0.8066564285412521;
0.9379398064230418,0.9379398064230418,0.8018004825088354;
0.9365449109104992,0.9365449109104992,0.7969445364764188;
0.9351500153979566,0.9351500153979566,0.7920885904440021;
0.9337515194738136,0.9337515194738136,0.7871793794987912;
0.932348223952871,0.932348223952871,0.7821991627538686;
0.9309449284319284,0.9309449284319284,0.7772189460089459;
0.9295416329109858,0.9295416329109858,0.7722387292640234;
0.9281350428141016,0.9281350428141016,0.7672073995266349;
0.9267231002256884,0.9267231002256884,0.7620930297063826;
0.9253111576372752,0.9253111576372752,0.7569786598861304;
0.9238992150488621,0.9238992150488621,0.7518642900658783;
0.9224843896146249,0.9224843896146249,0.7467014884357825;
0.9210637999587411,0.9210637999587411,0.7414418478820243;
0.9196432103028573,0.9196432103028573,0.7361822073282661;
0.9182226206469736,0.9182226206469736,0.7309225667745078;
0.9167994186687716,0.9167994186687716,0.7256175282950577;
0.9153696878272761,0.9153696878272761,0.7201990287589111;
0.9139399569857806,0.9139399569857806,0.7147805292227645;
0.912510226144285,0.912510226144285,0.7093620296866179;
0.9110783182380241,0.9106251945689005,0.70479017298582;
0.9096394462109169,0.9072837206391913,0.7029266064163712;
0.9082005741838095,0.903942246709482,0.7010630398469222;
0.9067617021567022,0.9006007727797728,0.6991994732774732;
0.9053210412465118,0.8972495541448483,0.6973320464866347;
0.9038727809747221,0.8938569389875273,0.6954482210733975;
0.9024245207029324,0.8904643238302061,0.6935643956601604;
0.9009762604311428,0.8870717086728851,0.6916805702469232;
0.8995266582975406,0.8836714660905249,0.6897937079885315;
0.8980690097810686,0.8802254861739568,0.6878886354952237;
0.8966113612645966,0.8767795062573887,0.685983563001916;
0.8951537127481246,0.8733335263408205,0.6840784905086083;
0.8936951458426753,0.8698821773810009,0.6821713457529929;
0.8922278620224503,0.8663798679963386,0.6802445320614733;
0.8907605782022253,0.8628775586116763,0.6783177183699537;
0.8892932943820003,0.8593752492270139,0.6763909046784341;
0.8878255391730686,0.8558701232948291,0.6744630303623245;
0.8863483729900201,0.8523087667922963,0.672513981354452;
0.8848712068069715,0.8487474102897632,0.6705649323465794;
0.8833940406239229,0.8451860537872302,0.6686158833387069;
0.8819168735798736,0.841624692034692,0.6666668323148324;
0.8804295779749309,0.8380015707645119,0.6646940656361833;
0.8789422823699883,0.8343784494943318,0.6627212989575343;
0.8774549867650456,0.8307553282241518,0.6607485322788852;
0.875967691160103,0.8271322069539717,0.6587757656002362;
0.8744705122683358,0.8234464915339034,0.6567801732353498;
0.8729728401824285,0.8197576525509467,0.6547834418268536;
0.871475168096521,0.8160688135679901,0.6527867104183575;
0.8699774960106137,0.8123799745850334,0.6507899790098614;
0.868470434714023,0.8086287644168233,0.6487704452325629;
0.8669623861471509,0.8048709959531725,0.6467485137988668;
0.8654543375802788,0.8011132274895216,0.6447265823651706;
0.8639462890134066,0.7973554590258708,0.6427046509314744;
0.8624291335230747,0.7935350010425893,0.6406602698725051;
0.8609104614161673,0.7897041030940443,0.6386121501773266;
0.8593917893092599,0.7858732051454993,0.636564030482148;
0.8578731172023525,0.7820423071969542,0.6345159107869696;
0.856345443961444,0.7781486013356014,0.6324459883449883;
0.8548156541963601,0.7742401268388915,0.6303709392111156;
0.8532858644312762,0.7703316523421817,0.6282958900772431;
0.8517560746661923,0.766423177845472,0.6262208409433704;
0.8502176248729191,0.7624516357521652,0.6241241417390242;
0.848676470390588,0.7584603964668082,0.6220206808120338;
0.8471353159082571,0.7544691571814512,0.6199172198850434;
0.8455941614259261,0.7504779178960943,0.6178137589580531;
0.8440448880464174,0.7464240219042572,0.6156894712948242;
0.8424923688468394,0.7423450766488413,0.6135568573975044;
0.8409398496472614,0.7382661313934255,0.6114242435001846;
0.8393873304476833,0.7341871861380096,0.6092916296028649;
0.8378270687478923,0.7300454772106537,0.6071384239496592;
0.8362629377719966,0.7258724024493436,0.6049749276685159;
0.8346988067961009,0.7216993276880336,0.6028114313873726;
0.8331346758202053,0.7175262529267236,0.6006479351062293;
0.8315632022684964,0.7132907662710015,0.5984645526822586;
0.8299872124572125,0.7090168914088913,0.5962689387219388;
0.8284112226459285,0.7047430165467813,0.5940733247616189;
0.8268352328346446,0.7004691416846711,0.591877710801299;
0.8252520414861592,0.6961332771199831,0.5896628927417752;
0.8236634516622752,0.6917509433258845,0.5874336787478552;
0.8220748618383912,0.687368609531786,0.5852044647539354;
0.8204862720145073,0.6829862757376874,0.5829752507600156;
0.8188912628864069,0.6785426050848965,0.5807278600449126;
0.8172904209621357,0.6740432016949656,0.5784639533483042;
0.8156895790378644,0.6695437983050345,0.5762000466516959;
0.8140887371135931,0.6650443949151036,0.5739361399550875;
0.8124817311354959,0.6604841666314609,0.5716545229326406;
0.8108679412864119,0.6558569972984092,0.5693534147491794;
0.809254151437328,0.6512298279653576,0.5670523065657185;
0.807640361588244,0.6466026586323057,0.5647511983822573;
0.8060208557063852,0.6419162119223296,0.5624335772152244;
0.8043937246674894,0.6371506895097484,0.5600939278167514;
0.8027665936285936,0.6323851670971672,0.5577542784182784;
0.8011394625896978,0.627619644684586,0.5554146290198054;
