function cmap = PiYG_r()

cmap = [0.15294117647058825,0.39215686274509803,0.09803921568627451;
0.1587850826605152,0.3992310649750096,0.09926951172625913;
0.16462898885044214,0.40630526720492116,0.10049980776624375;
0.1704728950403691,0.4133794694348327,0.10173010380622838;
0.17631680123029606,0.42045367166474434,0.102960399846213;
0.182160707420223,0.4275278738946559,0.10419069588619762;
0.18800461361014995,0.43460207612456747,0.10542099192618223;
0.1938485198000769,0.44167627835447903,0.10665128796616687;
0.19969242599000386,0.4487504805843906,0.10788158400615148;
0.2055363321799308,0.45582468281430216,0.1091118800461361;
0.21138023836985775,0.4628988850442137,0.11034217608612072;
0.2172241445597847,0.46997308727412535,0.11157247212610535;
0.22306805074971164,0.4770472895040369,0.11280276816608997;
0.2289119569396386,0.4841214917339485,0.11403306420607459;
0.23475586312956553,0.49119569396386004,0.11526336024605921;
0.2405997693194925,0.4982698961937716,0.11649365628604383;
0.24644367550941945,0.5053440984236832,0.11772395232602846;
0.2522875816993464,0.5124183006535947,0.11895424836601308;
0.25813148788927337,0.5194925028835063,0.1201845444059977;
0.2639753940792003,0.5265667051134179,0.12141484044598233;
0.26981930026912726,0.5336409073433295,0.12264513648596695;
0.2756632064590542,0.540715109573241,0.12387543252595157;
0.28150711264898115,0.5477893118031526,0.1251057285659362;
0.2873510188389081,0.5548635140330642,0.1263360246059208;
0.29319492502883504,0.5619377162629757,0.12756632064590542;
0.29903883121876196,0.5690119184928873,0.12879661668589004;
0.30580545943867743,0.5757785467128027,0.1318723567858516;
0.3134948096885813,0.582237600922722,0.1367935409457901;
0.3211841599384852,0.5886966551326412,0.14171472510572858;
0.32887351018838906,0.5951557093425606,0.14663590926566705;
0.336562860438293,0.6016147635524798,0.15155709342560555;
0.34425221068819684,0.6080738177623991,0.15647827758554403;
0.3519415609381007,0.6145328719723183,0.1613994617454825;
0.35963091118800455,0.6209919261822375,0.16632064590542095;
0.36732026143790847,0.6274509803921569,0.17124183006535948;
0.3750096116878124,0.6339100346020761,0.17616301422529795;
0.38269896193771624,0.6403690888119954,0.18108419838523643;
0.3903883121876201,0.6468281430219146,0.1860053825451749;
0.398077662437524,0.6532871972318339,0.1909265667051134;
0.4057670126874279,0.6597462514417531,0.1958477508650519;
0.4134563629373318,0.6662053056516725,0.20076893502499038;
0.4211457131872356,0.6726643598615917,0.20569011918492883;
0.42883506343713956,0.679123414071511,0.21061130334486736;
0.4365244136870434,0.6855824682814302,0.21553248750480583;
0.44421376393694734,0.6920415224913495,0.22045367166474433;
0.45190311418685114,0.6985005767012687,0.22537485582468275;
0.4595924644367551,0.7049596309111881,0.23029603998462128;
0.46728181468665897,0.7114186851211073,0.23521722414455976;
0.4749711649365629,0.7178777393310265,0.24013840830449826;
0.4826605151864667,0.7243367935409458,0.2450595924644367;
0.4903498654363706,0.7307958477508651,0.24998077662437523;
0.4980392156862745,0.7372549019607844,0.2549019607843137;
0.5068050749711649,0.7429450211457133,0.2655132641291811;
0.5155709342560553,0.748635140330642,0.27612456747404834;
0.5243367935409458,0.754325259515571,0.2867358708189158;
0.5331026528258362,0.7600153787004998,0.29734717416378315;
0.5418685121107266,0.7657054978854287,0.30795847750865046;
0.550634371395617,0.7713956170703575,0.3185697808535177;
0.5594002306805075,0.7770857362552864,0.3291810841983852;
0.5681660899653979,0.7827758554402153,0.3397923875432525;
0.5769319492502883,0.7884659746251441,0.3504036908881199;
0.5856978085351787,0.794156093810073,0.36101499423298716;
0.5944636678200692,0.7998462129950019,0.3716262975778546;
0.6032295271049596,0.8055363321799308,0.38223760092272197;
0.61199538638985,0.8112264513648596,0.39284890426758934;
0.6207612456747404,0.8169165705497885,0.4034602076124567;
0.6295271049596307,0.8226066897347173,0.41407151095732386;
0.6382929642445212,0.8282968089196463,0.42468281430219135;
0.6470588235294117,0.8339869281045751,0.4352941176470587;
0.6558246828143021,0.839677047289504,0.4459054209919261;
0.6645905420991925,0.8453671664744329,0.45651672433679347;
0.6733564013840829,0.8510572856593617,0.4671280276816608;
0.6821222606689734,0.8567474048442906,0.4777393310265281;
0.6908881199538638,0.8624375240292195,0.4883506343713955;
0.699653979238754,0.8681276432141483,0.49896193771626274;
0.7084198385236447,0.8738177623990772,0.5095732410611302;
0.717185697808535,0.8795078815840061,0.5201845444059976;
0.725105728565936,0.8838908112264513,0.5311803152633601;
0.7321799307958476,0.8869665513264129,0.5425605536332179;
0.7392541330257593,0.8900422914263744,0.5539407920030757;
0.7463283352556708,0.893118031526336,0.5653210303729334;
0.7534025374855824,0.8961937716262975,0.5767012687427912;
0.7604767397154939,0.899269511726259,0.5880815071126487;
0.7675509419454055,0.9023452518262206,0.5994617454825066;
0.7746251441753171,0.9054209919261822,0.6108419838523644;
0.7816993464052286,0.9084967320261438,0.6222222222222221;
0.7887735486351403,0.9115724721261053,0.6336024605920799;
0.7958477508650519,0.9146482122260668,0.6449826989619376;
0.8029219530949634,0.9177239523260284,0.6563629373317954;
0.809996155324875,0.92079969242599,0.6677431757016531;
0.8170703575547865,0.9238754325259515,0.6791234140715108;
0.8241445597846981,0.9269511726259131,0.6905036524413686;
0.8312187620146098,0.9300269127258747,0.7018838908112264;
0.8382929642445213,0.9331026528258362,0.7132641291810842;
0.8453671664744329,0.9361783929257977,0.7246443675509419;
0.8524413687043445,0.9392541330257593,0.7360246059207997;
0.859515570934256,0.9423298731257209,0.7474048442906573;
0.8665897731641676,0.9454056132256824,0.7587850826605151;
0.8736639753940791,0.948481353325644,0.7701653210303727;
0.8807381776239908,0.9515570934256056,0.7815455594002307;
0.8878123798539024,0.9546328335255672,0.7929257977700884;
0.8948865820838139,0.9577085736255286,0.8043060361399461;
0.9019607843137255,0.9607843137254902,0.8156862745098039;
0.9045751633986928,0.9610918877354864,0.821683967704729;
0.9071895424836601,0.9613994617454825,0.827681660899654;
0.9098039215686274,0.9617070357554787,0.833679354094579;
0.9124183006535947,0.9620146097654748,0.839677047289504;
0.9150326797385621,0.962322183775471,0.845674740484429;
0.9176470588235294,0.9626297577854671,0.8516724336793541;
0.9202614379084968,0.9629373317954633,0.8576701268742791;
0.9228758169934641,0.9632449058054594,0.8636678200692042;
0.9254901960784314,0.9635524798154557,0.8696655132641292;
0.9281045751633987,0.9638600538254518,0.8756632064590542;
0.930718954248366,0.964167627835448,0.8816608996539792;
0.9333333333333333,0.9644752018454441,0.8876585928489041;
0.9359477124183007,0.9647827758554403,0.8936562860438293;
0.938562091503268,0.9650903498654364,0.8996539792387543;
0.9411764705882353,0.9653979238754326,0.9056516724336794;
0.9437908496732026,0.9657054978854287,0.9116493656286044;
0.9464052287581699,0.9660130718954248,0.9176470588235294;
0.9490196078431372,0.966320645905421,0.9236447520184544;
0.9516339869281045,0.9666282199154171,0.9296424452133795;
0.9542483660130718,0.9669357939254133,0.9356401384083044;
0.9568627450980393,0.9672433679354094,0.9416378316032296;
0.9594771241830066,0.9675509419454056,0.9476355247981545;
0.9620915032679739,0.9678585159554017,0.9536332179930795;
0.9647058823529412,0.9681660899653979,0.9596309111880046;
0.9673202614379085,0.968473663975394,0.9656286043829296;
0.9690888119953864,0.9668589004229142,0.9680123029603999;
0.9700115340253749,0.9633217993079585,0.9667820069204153;
0.9709342560553633,0.9597846981930027,0.9655517108804306;
0.9718569780853518,0.956247597078047,0.964321414840446;
0.9727797001153402,0.9527104959630912,0.9630911188004614;
0.9737024221453288,0.9491733948481353,0.9618608227604768;
0.9746251441753172,0.9456362937331796,0.9606305267204921;
0.9755478662053056,0.9420991926182238,0.9594002306805075;
