function cmap = PRGn_r()

cmap = [0.0,0.26666666666666666,0.10588235294117647;
0.004152249134948097,0.2746635909265667,0.11018838908112265;
0.008304498269896194,0.28266051518646673,0.11449442522106881;
0.01245674740484429,0.2906574394463668,0.11880046136101499;
0.01660899653979239,0.2986543637062668,0.12310649750096117;
0.020761245674740483,0.30665128796616686,0.12741253364090735;
0.02491349480968858,0.31464821222606687,0.13171856978085353;
0.02906574394463668,0.32264513648596693,0.1360246059207997;
0.03321799307958478,0.330642060745867,0.14033064206074586;
0.037370242214532876,0.338638985005767,0.14463667820069204;
0.04152249134948097,0.34663590926566706,0.14894271434063822;
0.045674740484429065,0.35463283352556707,0.1532487504805844;
0.04982698961937716,0.36262975778546713,0.15755478662053057;
0.053979238754325254,0.37062668204536714,0.16186082276047675;
0.05813148788927336,0.3786236063052672,0.16616685890042293;
0.06228373702422146,0.3866205305651672,0.1704728950403691;
0.06643598615916955,0.39461745482506727,0.1747789311803153;
0.07058823529411765,0.40261437908496733,0.17908496732026144;
0.07474048442906575,0.4106113033448674,0.18339100346020762;
0.07889273356401384,0.4186082276047674,0.1876970396001538;
0.08304498269896193,0.4266051518646674,0.19200307574009995;
0.08719723183391002,0.43460207612456747,0.19630911188004613;
0.09134948096885813,0.44259900038446753,0.2006151480199923;
0.09550173010380623,0.45059592464436754,0.20492118415993849;
0.09965397923875433,0.45859284890426755,0.20922722029988466;
0.10380622837370242,0.4665897731641676,0.21353325643983084;
0.11072664359861592,0.47474048442906575,0.21891580161476357;
0.12041522491349481,0.48304498269896196,0.22537485582468283;
0.1301038062283737,0.4913494809688581,0.23183391003460208;
0.1397923875432526,0.4996539792387543,0.23829296424452134;
0.1494809688581315,0.5079584775086505,0.2447520184544406;
0.15916955017301038,0.5162629757785467,0.2512110726643599;
0.16885813148788925,0.524567474048443,0.25767012687427915;
0.1785467128027681,0.532871972318339,0.26412918108419836;
0.18823529411764706,0.5411764705882353,0.27058823529411763;
0.19792387543252596,0.5494809688581315,0.2770472895040369;
0.20761245674740486,0.5577854671280277,0.28350634371395617;
0.21730103806228368,0.5660899653979238,0.2899653979238754;
0.2269896193771626,0.5743944636678201,0.2964244521337947;
0.23667820069204154,0.5826989619377163,0.30288350634371397;
0.24636678200692042,0.5910034602076124,0.3093425605536332;
0.25605536332179923,0.5993079584775086,0.3158016147635524;
0.2657439446366782,0.6076124567474048,0.3222606689734717;
0.2754325259515571,0.615916955017301,0.328719723183391;
0.28512110726643597,0.6242214532871972,0.33517877739331026;
0.29480968858131484,0.6325259515570933,0.34163783160322947;
0.3044982698961938,0.6408304498269897,0.3480968858131488;
0.31418685121107265,0.6491349480968858,0.354555940023068;
0.3238754325259516,0.657439446366782,0.36101499423298733;
0.3335640138408304,0.6657439446366782,0.36747404844290654;
0.3432525951557094,0.6740484429065744,0.3739331026528258;
0.35294117647058826,0.6823529411764706,0.3803921568627451;
0.36462898885044215,0.6892733564013841,0.39008073817762395;
0.376316801230296,0.6961937716262976,0.3997693194925028;
0.38800461361014993,0.7031141868512111,0.40945790080738176;
0.3996924259900038,0.7100346020761246,0.41914648212226063;
0.4113802383698577,0.7169550173010381,0.4288350634371395;
0.42306805074971154,0.7238754325259514,0.4385236447520183;
0.43475586312956555,0.730795847750865,0.4482122260668973;
0.44644367550941944,0.7377162629757785,0.4579008073817762;
0.4581314878892733,0.744636678200692,0.46758938869665506;
0.4698193002691271,0.7515570934256054,0.4772779700115339;
0.4815071126489811,0.758477508650519,0.48696655132641287;
0.493194925028835,0.7653979238754325,0.49665513264129174;
0.5048827374086889,0.772318339100346,0.5063437139561706;
0.5165705497885428,0.7792387543252595,0.5160322952710495;
0.5282583621683965,0.7861591695501728,0.5257208765859283;
0.5399461745482506,0.7930795847750864,0.5354094579008073;
0.5516339869281045,0.7999999999999999,0.5450980392156861;
0.5633217993079583,0.8069204152249134,0.554786620530565;
0.5750096116878123,0.8138408304498269,0.564475201845444;
0.5866974240676661,0.8207612456747404,0.5741637831603228;
0.5983852364475201,0.8276816608996539,0.5838523644752017;
0.610073048827374,0.8346020761245674,0.5935409457900807;
0.6217608612072276,0.8415224913494808,0.6032295271049594;
0.6334486735870817,0.8484429065743944,0.6129181084198384;
0.6451364859669356,0.8553633217993077,0.6226066897347172;
0.6549019607843136,0.8604382929642445,0.6313725490196077;
0.6627450980392156,0.8636678200692041,0.6392156862745096;
0.6705882352941176,0.8668973471741637,0.6470588235294117;
0.6784313725490195,0.8701268742791233,0.6549019607843136;
0.6862745098039215,0.873356401384083,0.6627450980392156;
0.6941176470588233,0.8765859284890426,0.6705882352941175;
0.7019607843137254,0.8798154555940022,0.6784313725490195;
0.7098039215686274,0.8830449826989618,0.6862745098039215;
0.7176470588235293,0.8862745098039215,0.6941176470588234;
0.7254901960784313,0.8895040369088811,0.7019607843137254;
0.7333333333333333,0.8927335640138407,0.7098039215686274;
0.7411764705882352,0.8959630911188003,0.7176470588235293;
0.7490196078431371,0.8991926182237601,0.7254901960784312;
0.7568627450980391,0.9024221453287197,0.7333333333333332;
0.7647058823529411,0.9056516724336793,0.7411764705882352;
0.7725490196078431,0.9088811995386389,0.7490196078431371;
0.780392156862745,0.9121107266435986,0.7568627450980392;
0.788235294117647,0.9153402537485582,0.7647058823529411;
0.796078431372549,0.9185697808535178,0.7725490196078431;
0.8039215686274509,0.9217993079584774,0.780392156862745;
0.8117647058823529,0.9250288350634371,0.788235294117647;
0.8196078431372548,0.9282583621683967,0.7960784313725489;
0.8274509803921568,0.9314878892733564,0.8039215686274509;
0.8352941176470587,0.9347174163783161,0.8117647058823529;
0.8431372549019608,0.9379469434832757,0.8196078431372549;
0.8509803921568627,0.9411764705882353,0.8274509803921568;
0.855594002306805,0.9422529796232219,0.8329873125720876;
0.8602076124567474,0.9433294886582083,0.8385236447520185;
0.8648212226066897,0.9444059976931949,0.8440599769319492;
0.869434832756632,0.9454825067281815,0.8495963091118799;
0.8740484429065744,0.946559015763168,0.8551326412918108;
0.8786620530565167,0.9476355247981545,0.8606689734717416;
0.883275663206459,0.9487120338331411,0.8662053056516724;
0.8878892733564013,0.9497885428681276,0.8717416378316032;
0.8925028835063437,0.9508650519031142,0.877277970011534;
0.897116493656286,0.9519415609381007,0.8828143021914648;
0.9017301038062283,0.9530180699730872,0.8883506343713956;
0.9063437139561706,0.9540945790080738,0.8938869665513263;
0.9109573241061131,0.9551710880430604,0.8994232987312571;
0.9155709342560554,0.9562475970780469,0.904959630911188;
0.9201845444059977,0.9573241061130334,0.9104959630911188;
0.92479815455594,0.95840061514802,0.9160322952710496;
0.9294117647058824,0.9594771241830066,0.9215686274509803;
0.9340253748558247,0.960553633217993,0.9271049596309112;
0.938638985005767,0.9616301422529796,0.932641291810842;
0.9432525951557093,0.9627066512879662,0.9381776239907726;
0.9478662053056517,0.9637831603229527,0.9437139561707035;
0.952479815455594,0.9648596693579392,0.9492502883506344;
0.9570934256055363,0.9659361783929258,0.9547866205305652;
0.9617070357554787,0.9670126874279124,0.960322952710496;
0.966320645905421,0.9680891964628989,0.9658592848904267;
0.9673971549404076,0.9659361783929258,0.9674740484429066;
0.9649365628604383,0.9605536332179931,0.9651672433679355;
0.9624759707804691,0.9551710880430604,0.9628604382929643;
0.9600153787004998,0.9497885428681276,0.9605536332179931;
0.9575547866205306,0.9444059976931951,0.958246828143022;
0.9550941945405613,0.9390234525182622,0.9559400230680508;
0.9526336024605921,0.9336409073433295,0.9536332179930797;
0.9501730103806229,0.9282583621683969,0.9513264129181085;
