function cmap = prism_r()

cmap = [0.32950712519534225,0.99825489314128,0.0;
0.5109043694019361,1.0,0.0;
0.7027914668846307,1.0,0.0;
0.8925164831396082,1.0,0.0;
1.0,0.9659544513338876,0.0;
1.0,0.8437470147356803,0.0;
1.0,0.687666046945236,0.0;
1.0,0.5080026316658522,0.0;
1.0,0.3166027439144373,0.0;
1.0,0.1260861943798648,0.0;
1.0,0.0,0.0;
1.0,0.0,0.00542076538317725;
1.0,0.0,0.28535540536526627;
0.8667904920268592,0.0,0.5464753467753609;
0.676005921763849,0.0,0.7715638385150229;
0.4848253554709435,0.0,0.9457798365932134;
0.30585414303811553,0.0,1.0;
0.15089261959719058,0.0,1.0;
0.030158059112426527,0.0,1.0;
0.0,0.1145533634080611,0.9684715435193139;
0.0,0.3045949202697923,0.803718446254565;
0.0,0.49631154236013186,0.5859727649394855;
0.005133399425059193,0.6770625353447457,0.32959140076562427;
0.11543217060217881,0.8349302155714096,0.05147867022991381;
0.2622959633336974,0.9595056937677395,0.0;
0.4360414215680699,1.0,0.0;
0.6252127664293168,1.0,0.0;
0.8173371245633532,1.0,0.0;
0.9997469178599929,1.0,0.0;
1.0,0.897444304427925,0.0;
1.0,0.7538523108169379,0.0;
1.0,0.5823139271354538,0.0;
1.0,0.3941394104236724,0.0;
1.0,0.2017359089055155,0.0;
1.0,0.0177894058046989,0.0;
1.0,0.0,0.0;
1.0,0.0,0.17408538473467436;
0.9405003971020204,0.0,0.44493288389742275;
0.7534486574917502,0.0,0.6864440609232815;
0.5608947920852816,0.0,0.8826950541573693;
0.3755346982386072,0.0,1.0;
0.20958995727603252,0.0,1.0;
0.07400201352317681,0.0,1.0;
0.0,0.04149418423495682,1.0;
0.0,0.2272979492887371,0.8770015954812745;
0.0,0.4198732984461634,0.6790060434187688;
0.0,0.6065229178359353,0.43624072777272843;
0.06623827841472096,0.7749402022164114,0.16471220090465036;
0.1994473004267684,0.9140206819320229,0.0;
0.36368186826079163,1.0,0.0;
0.5481132965973606,1.0,0.0;
0.7405812349888883,1.0,0.0;
0.9283954516138518,1.0,0.0;
1.0,0.9450698485343978,0.0;
1.0,0.8155032865958014,0.0;
1.0,0.653925422886624,0.0;
1.0,0.47098977489571847,0.0;
1.0,0.278758069894781,0.0;
1.0,0.08990496383064242,0.0;
1.0,0.0,0.0;
1.0,0.0,0.06095262240757771;
1.0,0.0,0.3386295673944123;
0.8299984791242703,0.0,0.5939792211566937;
0.6381316720228956,0.0,0.8101652922639137;
0.4483660796650023,0.0,0.9729337112754018;
0.2732137566758569,0.0,1.0;
0.12422324252331562,0.0,1.0;
0.011218117070105449,0.0,1.0;
0.0,0.15109990681606625,0.9409006861765544;
0.0,0.34247339574231644,0.7647738477102384;
0.0,0.5330244605033188,0.5382222086273052;
0.023504734034601293,0.7101892569291322,0.2761832844617287;
0.14163362730512108,0.8622865545974812,0.0;
0.29459996837203783,0.9792879301617472,0.0;
0.47231803415205864,1.0,0.0;
0.6630701148153403,1.0,0.0;
0.8542791123564346,1.0,0.0;
1.0,0.9861140460511835,0.0;
1.0,0.8719592988967217,0.0;
1.0,0.7220708643639575,0.0;
1.0,0.546331526034832,0.0;
1.0,0.3563285278014729,0.0;
1.0,0.16458957747078087,0.0;
1.0,0.0,0.0;
1.0,0.0,0.0;
1.0,0.0,0.2287028598995384;
0.9048362912225103,0.0,0.4951587079152621;
0.7157095482102157,0.0,0.7289666310640961;
0.5235689797883887,0.0,0.9147106760643515;
0.34108323288061193,0.0,1.0;
0.1802843708618902,0.0,1.0;
0.05177454831811079,0.0,1.0;
0.0,0.07681612419693695,0.9947319877630777;
0.0,0.26494002569209196,0.842358448473674;
0.0,0.4573536086956037,0.6344446250346919;
0.0,0.6413702252684366,0.3846991623268828;
0.0894735595964603,0.8048568752712679,0.10958884356942528;
0.22953490937348364,0.9370341867962395,0.0;
0.3986380006273018,1.0,0.0;
0.5856331455310436,1.0,0.0;
0.7781909568726872,1.0,0.0;
0.9636152771239198,1.0,0.0;
1.0,0.9226162592817655,0.0;
1.0,0.786021084351817,0.0;
1.0,0.6193584949512336,0.0;
1.0,0.4336172662139093,0.0;
1.0,0.24104410931257028,0.0;
1.0,0.05433619357371594,0.0;
1.0,0.0,0.0;
1.0,0.0,0.11632899491412466;
0.9771613171257287,0.0,0.3910399166303531;
0.7927983248587609,0.0,0.6399679093300441;
0.6003387154472675,0.0,0.8467000890771819;
0.4124721715476045,0.0,0.9976057217978873;
0.24158553542305422,0.0,1.0;
0.09894609161848067,0.0,1.0;
0.0,0.005241449887284477,1.0;
0.0,0.18810280786107772,0.9109296779665829;
0.0,0.3803200527327915,0.7238783816186963;
0.0,0.5692194819735543,0.4890986971034152;
0.04352521843865098,0.7423461507855516,0.22207065007270635;
0.1691828978913611,0.8882850797177961,0.0;
0.3278615842663417,0.9974138929324614,0.0;
0.5090989151978886,1.0,0.0;
0.7009451406992869,1.0,0.0;
0.8907510211307248,1.0,0.0;
1.0,0.9669321301038782,0.0;
1.0,0.8450918051812084,0.0;
1.0,0.6892892812983202,0.0;
1.0,0.5097972831644594,0.0;
1.0,0.318450483533245,0.0;
1.0,0.12786519276742392,0.0;
1.0,0.0,0.0;
1.0,0.0,0.0027103909193387558;
1.0,0.0,0.2827369351630226;
0.8685731396240276,0.0,0.5441214277397599;
0.6778538380871804,0.0,0.7696296745647069;
0.4866166995181112,0.0,0.9443929554042935;
0.3074708038581677,0.0,1.0;
0.1522280038491548,0.0,1.0;
0.03112411921876379,0.0,1.0;
0.0,0.11278391287387979,0.9697538129728774;
0.0,0.3027480640891441,0.8055665227582696;
0.0,0.4945090516356058,0.5882647969296434;
0.004280258493525313,0.6754232559752646,0.3321762648003621;
0.1141897101832774,0.8335622322353531,0.05418593520209718;
0.26074610414044,0.9584992034392512,0.0;
0.4342863524253539,1.0,0.0;
0.6233682065289601,1.0,0.0;
0.8155246936044228,1.0,0.0;
0.9980861171434205,1.0,0.0;
1.0,0.8986509606111903,0.0;
1.0,0.7553756143823904,0.0;
1.0,0.5840534401839677,0.0;
1.0,0.3959804394430382,0.0;
1.0,0.20355706700272824,0.0;
1.0,0.01947061626135882,0.0;
1.0,0.0,0.0;
1.0,0.0,0.17140862288416459;
0.9422231897656017,0.0,0.4424527591062287;
0.755284923392744,0.0,0.6843240983936213;
0.5627234583833783,0.0,0.8810750320579097;
0.37723519316772214,0.0,1.0;
0.21105015995492876,0.0,1.0;
0.07512564656323162,0.0,1.0;
0.0,0.039789265055744594,1.0;
0.0,0.2254676755554598,0.8786349721669768;
0.0,0.4180383479099588,0.6811363685419927;
0.0,0.6048042766094963,0.43872753991483526;
0.06514378222806994,0.7734511876437298,0.16739153393785983;
0.1980097067126223,0.9128594710927276,0.0;
0.36199596370232323,1.0,0.0;
0.5462902400704671,1.0,0.0;
0.7387412283835125,1.0,0.0;
0.926659814410898,1.0,0.0;
1.0,0.9461254590396013,0.0;
1.0,0.8169103597797572,0.0;
1.0,0.6555911844148508,0.0;
1.0,0.47280439400819685,0.0;
1.0,0.2806019010162608,0.0;
1.0,0.09165643531357615,0.0;
1.0,0.0,0.0;
1.0,0.0,0.0582462106923429;
1.0,0.0,0.3360497745829156;
0.8318034462616026,0.0,0.5916961439886985;
0.6399780935475823,0.0,0.8083294637516734;
0.45013221313314944,0.0,0.9716661754203243;
0.27478315337749304,0.0,1.0;
0.12549242544231365,0.0,1.0;
0.012103403565087545,0.0,1.0;
0.0,0.14930579975433445,0.9423018856502466;
0.0,0.34062561966114185,0.7667196711440933;
0.0,0.5312448471582545,0.5405843595857535;
0.02256991336593439,0.7085951438159332,0.2788060162603459;
0.1403236815547041,0.8609830483906604,0.0;
0.293001267848533,0.9783609765834049,0.0;
0.47053598799750795,1.0,0.0;
0.6612222209309886,1.0,0.0;
0.8524872102651132,1.0,0.0;
1.0,0.9870073156756549,0.0;
1.0,0.873235085789158,0.0;
1.0,0.7236450504548502,0.0;
1.0,0.548100318523207,0.0;
1.0,0.35817530265680586,0.0;
1.0,0.16639256895258975,0.0;
1.0,0.0,0.0;
1.0,0.0,0.0;
1.0,0.0,0.2260510032669593;
0.906590646156668,0.0,0.4927369454028945;
0.7175539679533384,0.0,0.7269346398002796;
0.5253818538825892,0.0,0.9132024338971049;
0.34274503080713903,0.0,1.0;
0.18168552319788633,0.0,1.0;
0.052822671115840825,0.0,1.0;
0.0,0.07507738104169182,0.9958860169643806;
0.0,0.2630991955680465,0.8440989495935659;
0.0,0.45553206538175656,0.6366568394132025;
0.0,0.6396880708821548,0.38723722923761367;
0.08830527844059766,0.8034250214235927,0.11228541743916301;
0.22804051923841318,0.9359470417164759,0.0;
0.39691603302640355,1.0,0.0;
0.5837971371303531,1.0,0.0;
0.7763619635344249,1.0,0.0;
0.9619138921773216,1.0,0.0;
1.0,0.92374710875715,0.0;
1.0,0.7874868509602937,0.0;
1.0,0.62106253445058,0.0;
1.0,0.43544722401426383,0.0;
1.0,0.24287932849359428,0.0;
1.0,0.056055670309811234,0.0;
1.0,0.0,0.0;
1.0,0.0,0.11363344975416512;
0.9788462879759435,0.0,0.3885053820231286;
0.7946210072315709,0.0,0.6377614979489399;
0.602178932122294,0.0,0.8449672790322297;
0.41420858919316134,0.0,0.9964607646437026;
