function cmap = PuBu_r()

cmap = [0.00784313725490196,0.2196078431372549,0.34509803921568627;
0.008089196462898886,0.22379084967320262,0.35161860822760477;
0.00833525567089581,0.22797385620915034,0.35813917723952327;
0.008581314878892734,0.23215686274509803,0.36465974625144176;
0.008827374086889658,0.23633986928104575,0.37118031526336026;
0.009073433294886583,0.24052287581699347,0.37770088427527876;
0.009319492502883506,0.2447058823529412,0.38422145328719726;
0.009565551710880431,0.24888888888888888,0.3907420222991157;
0.009811610918877355,0.2530718954248366,0.39726259131103425;
0.01005767012687428,0.2572549019607843,0.4037831603229527;
0.010303729334871203,0.26143790849673204,0.4103037293348712;
0.010549788542868128,0.26562091503267976,0.4168242983467897;
0.010795847750865051,0.2698039215686275,0.4233448673587082;
0.011041906958861977,0.27398692810457514,0.4298654363706267;
0.0112879661668589,0.27816993464052286,0.4363860053825452;
0.011534025374855825,0.2823529411764706,0.4429065743944637;
0.011780084582852748,0.2865359477124183,0.4494271434063822;
0.012026143790849673,0.290718954248366,0.4559477124183007;
0.012272202998846597,0.29490196078431374,0.4624682814302192;
0.01251826220684352,0.29908496732026146,0.4689888504421377;
0.012764321414840445,0.3032679738562092,0.4755094194540561;
0.01301038062283737,0.3074509803921569,0.48202998846597467;
0.013256439830834296,0.3116339869281046,0.4885505574778931;
0.013502499038831219,0.3158169934640523,0.49507112648981166;
0.013748558246828142,0.32,0.5015916955017301;
0.013994617454825067,0.3241830065359477,0.5081122645136487;
0.014240676662821992,0.32836601307189545,0.5146328335255671;
0.014486735870818916,0.33254901960784317,0.5211534025374855;
0.01473279507881584,0.3367320261437909,0.5276739715494041;
0.014978854286812764,0.34091503267973855,0.5341945405613227;
0.01522491349480969,0.34509803921568627,0.5407151095732411;
0.015470972702806613,0.349281045751634,0.5472356785851595;
0.01570165321030373,0.353279507881584,0.5534794309880815;
0.01582468281430219,0.3559861591695502,0.5577854671280277;
0.015947712418300654,0.3586928104575164,0.5620915032679739;
0.016070742022299116,0.36139946174548254,0.56639753940792;
0.01619377162629758,0.3641061130334487,0.5707035755478662;
0.016316801230296038,0.36681276432141485,0.5750096116878124;
0.0164398308342945,0.369519415609381,0.5793156478277586;
0.016562860438292963,0.37222606689734716,0.5836216839677048;
0.016685890042291426,0.3749327181853134,0.5879277201076509;
0.016808919646289888,0.3776393694732795,0.5922337562475971;
0.01693194925028835,0.3803460207612457,0.5965397923875433;
0.017054978854286813,0.38305267204921184,0.6008458285274895;
0.017178008458285276,0.385759323337178,0.6051518646674356;
0.017301038062283735,0.38846597462514415,0.6094579008073817;
0.017424067666282197,0.39117262591311036,0.613763936947328;
0.01754709727028066,0.3938792772010765,0.6180699730872742;
0.017670126874279123,0.39658592848904267,0.6223760092272204;
0.017793156478277585,0.3992925797770088,0.6266820453671664;
0.017916186082276048,0.40199923106497504,0.6309880815071126;
0.01803921568627451,0.4047058823529412,0.6352941176470588;
0.018162245290272973,0.40741253364090735,0.639600153787005;
0.018285274894271432,0.4101191849288735,0.6439061899269511;
0.018408304498269894,0.41282583621683966,0.6482122260668973;
0.018531334102268357,0.41553248750480587,0.6525182622068435;
0.01865436370626682,0.418239138792772,0.6568242983467897;
0.018777393310265282,0.4209457900807382,0.6611303344867359;
0.018900422914263745,0.42365244136870434,0.665436370626682;
0.019023452518262207,0.4263590926566705,0.6697424067666282;
0.01914648212226067,0.4290657439446367,0.6740484429065744;
0.01926951172625913,0.4317723952326028,0.6783544790465206;
0.01939254133025759,0.434479046520569,0.6826605151864668;
0.019515570934256054,0.43718569780853517,0.6869665513264129;
0.021114955786236064,0.44019992310649747,0.6906881968473664;
0.027143406382160708,0.44413687043444827,0.6926566705113418;
0.033171856978085265,0.448073817762399,0.6946251441753172;
0.039200307574009996,0.4520107650903499,0.6965936178392925;
0.04522875816993464,0.4559477124183006,0.698562091503268;
0.051257208765859284,0.4598846597462514,0.7005305651672433;
0.057285659361783925,0.4638216070742022,0.7024990388312188;
0.06331410995770856,0.467758554402153,0.7044675124951941;
0.06934256055363322,0.4716955017301038,0.7064359861591696;
0.07537101114955785,0.4756324490580546,0.7084044598231449;
0.08139946174548242,0.4795693963860053,0.7103729334871203;
0.08742791234140715,0.4835063437139562,0.7123414071510957;
0.0934563629373318,0.487443291041907,0.7143098808150711;
0.09948481353325643,0.4913802383698577,0.7162783544790465;
0.10551326412918108,0.4953171856978085,0.7182468281430219;
0.11154171472510573,0.49925413302575933,0.7202153018069973;
0.11757016532103036,0.5031910803537101,0.7221837754709727;
0.123598615916955,0.5071280276816609,0.7241522491349481;
0.12962706651287956,0.5110649750096117,0.7261207227989235;
0.1356555171088043,0.5150019223375625,0.7280891964628988;
0.14168396770472894,0.5189388696655133,0.7300576701268743;
0.14771241830065357,0.5228758169934641,0.7320261437908496;
0.15374086889657823,0.5268127643214149,0.7339946174548251;
0.15976931949250284,0.5307497116493656,0.7359630911188004;
0.1657977700884275,0.5346866589773164,0.7379315647827759;
0.17182622068435216,0.5386236063052672,0.7399000384467512;
0.1778546712802767,0.5425605536332179,0.7418685121107266;
0.18388312187620143,0.5464975009611688,0.743836985774702;
0.1899115724721261,0.5504344482891196,0.7458054594386774;
0.19594002306805075,0.5543713956170704,0.7477739331026528;
0.20196847366397536,0.5583083429450211,0.7497424067666282;
0.20799692425990002,0.5622452902729719,0.7517108804306036;
0.2146251441753172,0.5658592848904268,0.7536332179930796;
0.22225297962322182,0.5689350249903883,0.7554786620530565;
0.22988081507112637,0.5720107650903498,0.7573241061130334;
0.23750865051903114,0.5750865051903115,0.7591695501730104;
0.2451364859669358,0.5781622452902729,0.7610149942329874;
0.25276432141484045,0.5812379853902345,0.7628604382929642;
0.2603921568627451,0.5843137254901961,0.7647058823529411;
0.26801999231064977,0.5873894655901576,0.7665513264129181;
0.2756478277585544,0.5904652056901192,0.768396770472895;
0.283275663206459,0.5935409457900808,0.770242214532872;
0.2909034986543636,0.5966166858900422,0.7720876585928489;
0.29853133410226834,0.5996924259900038,0.7739331026528258;
0.306159169550173,0.6027681660899654,0.7757785467128028;
0.31378700499807766,0.6058439061899269,0.7776239907727797;
0.32141484044598234,0.6089196462898885,0.7794694348327567;
0.32904267589388697,0.6119953863898501,0.7813148788927335;
0.3366705113417916,0.6150711264898115,0.7831603229527105;
0.3442983467896963,0.6181468665897731,0.7850057670126874;
0.3519261822376008,0.6212226066897346,0.7868512110726643;
0.35955401768550554,0.6242983467896962,0.7886966551326413;
0.36718185313341023,0.6273740868896578,0.7905420991926182;
0.37480968858131486,0.6304498269896194,0.7923875432525952;
0.3824375240292195,0.633525567089581,0.7942329873125721;
0.3900653594771242,0.6366013071895424,0.796078431372549;
0.3976931949250288,0.639677047289504,0.797923875432526;
0.40532103037293343,0.6427527873894656,0.7997693194925029;
0.412948865820838,0.6458285274894271,0.8016147635524797;
0.4205767012687428,0.6489042675893887,0.8034602076124567;
0.42820453671664743,0.6519800076893503,0.8053056516724337;
0.43583237216455206,0.6550557477893117,0.8071510957324106;
0.44346020761245675,0.6581314878892733,0.8089965397923875;
0.4510880430603614,0.6612072279892349,0.8108419838523645;
0.45797770088427525,0.6639753940792003,0.8125028835063437;
0.4641291810841984,0.6664359861591695,0.8139792387543252;
0.4702806612841215,0.6688965782391387,0.8154555940023068;
0.4764321414840446,0.671357170319108,0.8169319492502883;
0.4825836216839675,0.6738177623990772,0.8184083044982698;
0.4887351018838908,0.6762783544790465,0.8198846597462515;
