function cmap = PuOr_r()

cmap = [0.17647058823529413,0.0,0.29411764705882354;
0.18246828143021915,0.005997693194925029,0.30349865436370627;
0.1884659746251442,0.011995386389850059,0.312879661668589;
0.1944636678200692,0.017993079584775088,0.3222606689734717;
0.20046136101499423,0.023990772779700117,0.3316416762783545;
0.20645905420991928,0.029988465974625147,0.34102268358323723;
0.2124567474048443,0.035986159169550176,0.35040369088811996;
0.21845444059976932,0.04198385236447521,0.3597846981930027;
0.22445213379469436,0.047981545559400235,0.3691657054978854;
0.23044982698961938,0.05397923875432527,0.3785467128027682;
0.2364475201845444,0.059976931949250294,0.3879277201076509;
0.24244521337946945,0.06597462514417532,0.39730872741253365;
0.24844290657439447,0.07197231833910035,0.4066897347174164;
0.2544405997693195,0.07797001153402537,0.4160707420222991;
0.26043829296424453,0.08396770472895042,0.4254517493271819;
0.2664359861591695,0.08996539792387544,0.43483275663206455;
0.27243367935409457,0.09596309111880047,0.44421376393694734;
0.2784313725490196,0.10196078431372549,0.45359477124183006;
0.28442906574394466,0.10795847750865054,0.4629757785467128;
0.29042675893886966,0.11395617070357555,0.4723567858515956;
0.2964244521337947,0.11995386389850059,0.48173779315647824;
0.3024221453287197,0.12595155709342562,0.491118800461361;
0.30841983852364474,0.13194925028835064,0.5004998077662437;
0.3144175317185698,0.13794694348327569,0.5098808150711265;
0.32041522491349483,0.1439446366782007,0.5192618223760093;
0.3264129181084198,0.14994232987312572,0.5286428296808919;
0.3327950788158401,0.1587850826605152,0.5361014994232988;
0.3395617070357555,0.1704728950403691,0.5416378316032295;
0.3463283352556709,0.182160707420223,0.5471741637831603;
0.35309496347558633,0.19384851980007692,0.5527104959630911;
0.35986159169550175,0.2055363321799308,0.558246828143022;
0.36662821991541716,0.21722414455978473,0.5637831603229527;
0.3733948481353326,0.22891195693963862,0.5693194925028835;
0.38016147635524794,0.24059976931949245,0.5748558246828143;
0.3869281045751634,0.2522875816993464,0.5803921568627451;
0.39369473279507883,0.26397539407920034,0.5859284890426759;
0.40046136101499424,0.27566320645905423,0.5914648212226067;
0.4072279892349096,0.287351018838908,0.5970011534025375;
0.4139946174548251,0.299038831218762,0.6025374855824683;
0.4207612456747405,0.3107266435986159,0.6080738177623991;
0.4275278738946559,0.32241445597846985,0.6136101499423299;
0.43429450211457127,0.3341022683583237,0.6191464821222606;
0.44106113033448674,0.34579008073817763,0.6246828143021915;
0.44782775855440216,0.3574778931180316,0.6302191464821223;
0.45459438677431757,0.3691657054978854,0.6357554786620531;
0.46136101499423293,0.38085351787773924,0.6412918108419838;
0.4681276432141484,0.39254133025759325,0.6468281430219147;
0.4748942714340638,0.40422914263744714,0.6523644752018455;
0.48166089965397924,0.415916955017301,0.6579008073817763;
0.4884275278738946,0.42760476739715486,0.663437139561707;
0.49519415609381007,0.43929257977700886,0.6689734717416379;
0.5019607843137255,0.45098039215686275,0.6745098039215687;
0.5096501345636294,0.4595924644367551,0.6803537101114956;
0.5173394848135332,0.46820453671664736,0.6861976163014225;
0.5250288350634371,0.47681660899653977,0.6920415224913495;
0.532718185313341,0.48542868127643213,0.6978854286812765;
0.5404075355632448,0.4940407535563245,0.7037293348712034;
0.5480968858131487,0.5026528258362167,0.7095732410611303;
0.5557862360630527,0.5112648981161092,0.7154171472510573;
0.5634755863129565,0.5198769703960014,0.7212610534409842;
0.5711649365628604,0.5284890426758938,0.7271049596309112;
0.5788542868127642,0.537101114955786,0.7329488658208381;
0.5865436370626681,0.5457131872356785,0.7387927720107651;
0.594232987312572,0.5543252595155709,0.744636678200692;
0.6019223375624759,0.5629373317954632,0.7504805843906189;
0.6096116878123797,0.5715494040753556,0.756324490580546;
0.6173010380622835,0.5801614763552477,0.7621683967704728;
0.6249903883121876,0.5887735486351402,0.7680123029603998;
0.6326797385620914,0.5973856209150326,0.7738562091503267;
0.6403690888119953,0.6059976931949249,0.7797001153402536;
0.6480584390618992,0.6146097654748173,0.7855440215301807;
0.655747789311803,0.6232218377547096,0.7913879277201076;
0.6634371395617069,0.631833910034602,0.7972318339100345;
0.6711264898116108,0.6404459823144942,0.8030757400999614;
0.6788158400615145,0.6490580545943865,0.8089196462898883;
0.6865051903114185,0.657670126874279,0.8147635524798154;
0.6941945405613223,0.6662821991541713,0.8206074586697423;
0.7009611687812378,0.6742022299115723,0.8254517493271818;
0.7068050749711648,0.6814302191464819,0.8292964244521337;
0.7126489811610918,0.6886582083813916,0.8331410995770856;
0.7184928873510187,0.6958861976163013,0.8369857747020376;
0.7243367935409457,0.703114186851211,0.8408304498269895;
0.7301806997308725,0.7103421760861205,0.8446751249519414;
0.7360246059207995,0.7175701653210302,0.8485198000768934;
0.7418685121107266,0.7247981545559399,0.8523644752018453;
0.7477124183006535,0.7320261437908495,0.8562091503267973;
0.7535563244905805,0.7392541330257593,0.8600538254517492;
0.7594002306805074,0.7464821222606689,0.8638985005767011;
0.7652441368704344,0.7537101114955785,0.8677431757016532;
0.7710880430603613,0.7609381007304882,0.8715878508266051;
0.7769319492502882,0.7681660899653977,0.875432525951557;
0.7827758554402152,0.7753940792003075,0.879277201076509;
0.7886197616301422,0.7826220684352171,0.8831218762014609;
0.7944636678200692,0.7898500576701268,0.8869665513264129;
0.8003075740099961,0.7970780469050365,0.8908112264513648;
0.8061514801999231,0.8043060361399461,0.8946559015763167;
0.81199538638985,0.8115340253748557,0.8985005767012687;
0.8178392925797769,0.8187620146097654,0.9023452518262206;
0.8236831987697039,0.825990003844675,0.9061899269511725;
0.8295271049596309,0.8332179930795847,0.9100346020761245;
0.8353710111495578,0.8404459823144944,0.9138792772010764;
0.8412149173394848,0.847673971549404,0.9177239523260284;
0.8470588235294118,0.8549019607843137,0.9215686274509803;
0.8518262206843522,0.859361783929258,0.9234140715109572;
0.8565936178392926,0.8638216070742022,0.9252595155709342;
0.861361014994233,0.8682814302191465,0.9271049596309111;
0.8661284121491734,0.8727412533640906,0.928950403690888;
0.8708958093041138,0.877201076509035,0.930795847750865;
0.8756632064590542,0.8816608996539792,0.932641291810842;
0.8804306036139946,0.8861207227989235,0.9344867358708189;
0.8851980007689351,0.8905805459438677,0.9363321799307958;
0.8899653979238754,0.895040369088812,0.9381776239907728;
0.8947327950788159,0.8995001922337562,0.9400230680507496;
0.8995001922337562,0.9039600153787005,0.9418685121107266;
0.9042675893886966,0.9084198385236447,0.9437139561707035;
0.909034986543637,0.912879661668589,0.9455594002306805;
0.9138023836985775,0.9173394848135332,0.9474048442906574;
0.9185697808535178,0.9217993079584775,0.9492502883506343;
0.9233371780084583,0.9262591311034217,0.9510957324106113;
0.9281045751633987,0.930718954248366,0.9529411764705882;
0.9328719723183391,0.9351787773933102,0.9547866205305652;
0.9376393694732795,0.9396386005382545,0.9566320645905421;
0.9424067666282199,0.9440984236831987,0.958477508650519;
0.9471741637831603,0.948558246828143,0.960322952710496;
0.9519415609381008,0.9530180699730872,0.9621683967704728;
0.9567089580930411,0.9574778931180316,0.9640138408304498;
0.9614763552479816,0.9619377162629758,0.9658592848904267;
0.9662437524029219,0.9663975394079201,0.9677047289504037;
0.9691657054978854,0.9668589004229142,0.9636293733179546;
0.970242214532872,0.9633217993079585,0.9536332179930797;
0.9713187235678585,0.9597846981930027,0.9436370626682046;
0.9723952326028451,0.956247597078047,0.9336409073433295;
0.9734717416378316,0.9527104959630912,0.9236447520184548;
0.9745482506728181,0.9491733948481353,0.9136485966935795;
0.9756247597078047,0.9456362937331796,0.9036524413687044;
0.9767012687427913,0.9420991926182238,0.8936562860438294;
