function cmap = RdBu_r()

cmap = [0.0196078431372549,0.18823529411764706,0.3803921568627451;
0.023913879277201077,0.19653979238754324,0.3919261822376009;
0.028219915417147252,0.20484429065743945,0.4034602076124567;
0.032525951557093424,0.21314878892733563,0.4149942329873126;
0.0368319876970396,0.22145328719723184,0.4265282583621684;
0.041138023836985775,0.22975778546712802,0.4380622837370242;
0.04544405997693195,0.23806228373702423,0.44959630911188003;
0.049750096116878126,0.24636678200692042,0.4611303344867359;
0.054056132256824305,0.2546712802768166,0.4726643598615917;
0.05836216839677048,0.26297577854671284,0.48419838523644754;
0.06266820453671665,0.271280276816609,0.49573241061130335;
0.06697424067666283,0.2795847750865052,0.5072664359861592;
0.071280276816609,0.2878892733564014,0.518800461361015;
0.07558631295655517,0.29619377162629756,0.5303344867358708;
0.07989234909650136,0.3044982698961938,0.5418685121107267;
0.08419838523644753,0.31280276816609,0.5534025374855824;
0.08850442137639371,0.3211072664359862,0.5649365628604384;
0.09281045751633987,0.32941176470588235,0.5764705882352941;
0.09711649365628605,0.33771626297577856,0.58800461361015;
0.10142252979623223,0.34602076124567477,0.5995386389850058;
0.1057285659361784,0.3543252595155709,0.6110726643598616;
0.11003460207612457,0.36262975778546713,0.6226066897347174;
0.11434063821607075,0.37093425605536334,0.6341407151095733;
0.11864667435601693,0.37923875432525955,0.6456747404844292;
0.1229527104959631,0.38754325259515576,0.6572087658592849;
0.12725874663590928,0.3958477508650519,0.6687427912341408;
0.13202614379084968,0.40346020761245677,0.6762783544790466;
0.13725490196078433,0.41038062283737026,0.6798154555940024;
0.14248366013071898,0.41730103806228375,0.6833525567089581;
0.1477124183006536,0.42422145328719724,0.6868896578239139;
0.15294117647058825,0.4311418685121107,0.6904267589388697;
0.1581699346405229,0.4380622837370242,0.6939638600538255;
0.16339869281045752,0.4449826989619377,0.6975009611687812;
0.16862745098039214,0.45190311418685114,0.701038062283737;
0.1738562091503268,0.4588235294117647,0.7045751633986929;
0.17908496732026147,0.46574394463667823,0.7081122645136486;
0.1843137254901961,0.47266435986159167,0.7116493656286044;
0.18954248366013068,0.4795847750865051,0.7151864667435601;
0.19477124183006536,0.4865051903114187,0.718723567858516;
0.2,0.4934256055363322,0.7222606689734717;
0.20522875816993463,0.5003460207612457,0.7257977700884275;
0.21045751633986925,0.5072664359861591,0.7293348712033833;
0.21568627450980393,0.5141868512110727,0.7328719723183391;
0.22091503267973855,0.5211072664359861,0.7364090734332949;
0.2261437908496732,0.5280276816608996,0.7399461745482506;
0.2313725490196078,0.5349480968858131,0.7434832756632064;
0.2366013071895425,0.5418685121107266,0.7470203767781622;
0.24183006535947715,0.5487889273356401,0.750557477893118;
0.24705882352941178,0.5557093425605536,0.7540945790080738;
0.2522875816993464,0.5626297577854671,0.7576316801230295;
0.257516339869281,0.5695501730103806,0.7611687812379854;
0.2627450980392157,0.5764705882352941,0.7647058823529411;
0.2748942714340638,0.584159938485198,0.7688581314878892;
0.28704344482891186,0.5918492887351018,0.7730103806228373;
0.2991926182237601,0.5995386389850057,0.7771626297577854;
0.3113417916186082,0.6072279892349096,0.7813148788927335;
0.3234909650134563,0.6149173394848135,0.7854671280276816;
0.33564013840830437,0.6226066897347173,0.7896193771626296;
0.3477893118031526,0.6302960399846212,0.7937716262975778;
0.3599384851980007,0.6379853902345252,0.7979238754325259;
0.37208765859284887,0.645674740484429,0.802076124567474;
0.38423683198769687,0.6533640907343328,0.8062283737024221;
0.3963860053825451,0.6610534409842368,0.8103806228373702;
0.4085351787773932,0.6687427912341406,0.8145328719723183;
0.4206843521722413,0.6764321414840445,0.8186851211072664;
0.4328335255670895,0.6841214917339484,0.8228373702422145;
0.44498269896193743,0.6918108419838522,0.8269896193771625;
0.45713187235678576,0.6995001922337561,0.8311418685121107;
0.4692810457516339,0.7071895424836601,0.8352941176470587;
0.481430219146482,0.714878892733564,0.8394463667820069;
0.4935793925413301,0.7225682429834679,0.843598615916955;
0.5057285659361782,0.7302575932333717,0.8477508650519031;
0.5178777393310263,0.7379469434832756,0.8519031141868512;
0.5300269127258745,0.7456362937331795,0.8560553633217992;
0.5421760861207224,0.7533256439830832,0.8602076124567473;
0.5543252595155708,0.7610149942329872,0.8643598615916954;
0.5664744329104188,0.7687043444828912,0.8685121107266436;
0.5773933102652824,0.7750096116878123,0.8719723183391003;
0.5870818915801613,0.7799307958477508,0.8747404844290657;
0.5967704728950403,0.7848519800076893,0.8775086505190312;
0.6064590542099191,0.7897731641676278,0.8802768166089965;
0.616147635524798,0.7946943483275662,0.8830449826989619;
0.6258362168396767,0.7996155324875047,0.8858131487889273;
0.6355247981545558,0.8045367166474433,0.8885813148788927;
0.6452133794694347,0.8094579008073818,0.8913494809688581;
0.6549019607843136,0.8143790849673203,0.8941176470588235;
0.6645905420991925,0.8193002691272587,0.8968858131487889;
0.6742791234140714,0.8242214532871972,0.8996539792387543;
0.6839677047289503,0.8291426374471357,0.9024221453287197;
0.6936562860438292,0.8340638216070742,0.9051903114186851;
0.7033448673587079,0.8389850057670126,0.9079584775086504;
0.713033448673587,0.8439061899269512,0.9107266435986159;
0.7227220299884659,0.8488273740868897,0.9134948096885813;
0.7324106113033448,0.8537485582468282,0.9162629757785467;
0.7420991926182237,0.8586697424067666,0.9190311418685121;
0.7517877739331026,0.8635909265667051,0.9217993079584775;
0.7614763552479815,0.8685121107266436,0.9245674740484429;
0.7711649365628603,0.8734332948865821,0.9273356401384083;
0.7808535178777392,0.8783544790465205,0.9301038062283736;
0.7905420991926182,0.8832756632064591,0.9328719723183391;
0.800230680507497,0.8881968473663976,0.9356401384083045;
0.8099192618223761,0.8931180315263361,0.9384083044982698;
0.8196078431372549,0.8980392156862745,0.9411764705882353;
0.8254517493271818,0.90080738177624,0.9422529796232219;
0.8312956555171088,0.9035755478662053,0.9433294886582083;
0.8371395617070357,0.9063437139561707,0.9444059976931949;
0.8429834678969625,0.9091118800461361,0.9454825067281815;
0.8488273740868897,0.9118800461361015,0.946559015763168;
0.8546712802768166,0.914648212226067,0.9476355247981545;
0.8605151864667435,0.9174163783160323,0.9487120338331411;
0.8663590926566704,0.9201845444059977,0.9497885428681276;
0.8722029988465975,0.9229527104959632,0.9508650519031142;
0.8780469050365244,0.9257208765859285,0.9519415609381007;
0.8838908112264514,0.9284890426758939,0.9530180699730872;
0.8897347174163782,0.9312572087658593,0.9540945790080738;
0.8955786236063052,0.9340253748558247,0.9551710880430604;
0.9014225297962322,0.9367935409457901,0.9562475970780469;
0.9072664359861592,0.9395617070357555,0.9573241061130334;
0.9131103421760861,0.9423298731257209,0.95840061514802;
0.918954248366013,0.9450980392156862,0.9594771241830066;
0.92479815455594,0.9478662053056517,0.960553633217993;
0.930642060745867,0.9506343713956171,0.9616301422529796;
0.9364859669357939,0.9534025374855825,0.9627066512879662;
0.9423298731257208,0.9561707035755479,0.9637831603229527;
0.9481737793156478,0.9589388696655132,0.9648596693579392;
0.9540176855055748,0.9617070357554787,0.9659361783929258;
0.9598615916955018,0.9644752018454441,0.9670126874279124;
0.9657054978854287,0.9672433679354094,0.9680891964628989;
0.9690888119953864,0.9664744329104191,0.9649365628604383;
0.9700115340253749,0.962168396770473,0.9575547866205306;
0.9709342560553633,0.9578623606305268,0.9501730103806229;
0.9718569780853518,0.9535563244905806,0.9427912341407152;
0.9727797001153402,0.9492502883506345,0.9354094579008077;
0.9737024221453288,0.9449442522106882,0.9280276816608997;
0.9746251441753172,0.940638216070742,0.920645905420992;
0.9755478662053056,0.9363321799307959,0.9132641291810842;
