function cmap = RdGy_r()

cmap = [0.10196078431372549,0.10196078431372549,0.10196078431372549;
0.10980392156862745,0.10980392156862745,0.10980392156862745;
0.11764705882352941,0.11764705882352941,0.11764705882352941;
0.12549019607843137,0.12549019607843137,0.12549019607843137;
0.13333333333333333,0.13333333333333333,0.13333333333333333;
0.1411764705882353,0.1411764705882353,0.1411764705882353;
0.14901960784313725,0.14901960784313725,0.14901960784313725;
0.1568627450980392,0.1568627450980392,0.1568627450980392;
0.16470588235294117,0.16470588235294117,0.16470588235294117;
0.17254901960784313,0.17254901960784313,0.17254901960784313;
0.1803921568627451,0.1803921568627451,0.1803921568627451;
0.18823529411764706,0.18823529411764706,0.18823529411764706;
0.196078431372549,0.196078431372549,0.196078431372549;
0.20392156862745098,0.20392156862745098,0.20392156862745098;
0.21176470588235294,0.21176470588235294,0.21176470588235294;
0.2196078431372549,0.2196078431372549,0.2196078431372549;
0.22745098039215686,0.22745098039215686,0.22745098039215686;
0.2352941176470588,0.2352941176470588,0.2352941176470588;
0.24313725490196078,0.24313725490196078,0.24313725490196078;
0.25098039215686274,0.25098039215686274,0.25098039215686274;
0.2588235294117647,0.2588235294117647,0.2588235294117647;
0.2666666666666666,0.2666666666666666,0.2666666666666666;
0.27450980392156865,0.27450980392156865,0.27450980392156865;
0.2823529411764706,0.2823529411764706,0.2823529411764706;
0.2901960784313725,0.2901960784313725,0.2901960784313725;
0.29803921568627445,0.29803921568627445,0.29803921568627445;
0.3064206074586697,0.3064206074586697,0.3064206074586697;
0.31534025374855823,0.31534025374855823,0.31534025374855823;
0.32425990003844674,0.32425990003844674,0.32425990003844674;
0.33317954632833524,0.33317954632833524,0.33317954632833524;
0.34209919261822375,0.34209919261822375,0.34209919261822375;
0.35101883890811225,0.35101883890811225,0.35101883890811225;
0.35993848519800076,0.35993848519800076,0.35993848519800076;
0.3688581314878892,0.3688581314878892,0.3688581314878892;
0.37777777777777777,0.37777777777777777,0.37777777777777777;
0.3866974240676663,0.3866974240676663,0.3866974240676663;
0.3956170703575548,0.3956170703575548,0.3956170703575548;
0.40453671664744323,0.40453671664744323,0.40453671664744323;
0.4134563629373318,0.4134563629373318,0.4134563629373318;
0.4223760092272203,0.4223760092272203,0.4223760092272203;
0.4312956555171088,0.4312956555171088,0.4312956555171088;
0.44021530180699725,0.44021530180699725,0.44021530180699725;
0.4491349480968858,0.4491349480968858,0.4491349480968858;
0.4580545943867743,0.4580545943867743,0.4580545943867743;
0.4669742406766628,0.4669742406766628,0.4669742406766628;
0.47589388696655127,0.47589388696655127,0.47589388696655127;
0.48481353325643983,0.48481353325643983,0.48481353325643983;
0.49373317954632834,0.49373317954632834,0.49373317954632834;
0.5026528258362168,0.5026528258362168,0.5026528258362168;
0.5115724721261052,0.5115724721261052,0.5115724721261052;
0.5204921184159939,0.5204921184159939,0.5204921184159939;
0.5294117647058824,0.5294117647058824,0.5294117647058824;
0.5372549019607843,0.5372549019607843,0.5372549019607843;
0.5450980392156862,0.5450980392156862,0.5450980392156862;
0.5529411764705883,0.5529411764705883,0.5529411764705883;
0.5607843137254902,0.5607843137254902,0.5607843137254902;
0.5686274509803921,0.5686274509803921,0.5686274509803921;
0.5764705882352941,0.5764705882352941,0.5764705882352941;
0.584313725490196,0.584313725490196,0.584313725490196;
0.592156862745098,0.592156862745098,0.592156862745098;
0.6,0.6,0.6;
0.6078431372549018,0.6078431372549018,0.6078431372549018;
0.6156862745098038,0.6156862745098038,0.6156862745098038;
0.6235294117647058,0.6235294117647058,0.6235294117647058;
0.6313725490196078,0.6313725490196078,0.6313725490196078;
0.6392156862745098,0.6392156862745098,0.6392156862745098;
0.6470588235294116,0.6470588235294116,0.6470588235294116;
0.6549019607843136,0.6549019607843136,0.6549019607843136;
0.6627450980392156,0.6627450980392156,0.6627450980392156;
0.6705882352941175,0.6705882352941175,0.6705882352941175;
0.6784313725490195,0.6784313725490195,0.6784313725490195;
0.6862745098039215,0.6862745098039215,0.6862745098039215;
0.6941176470588234,0.6941176470588234,0.6941176470588234;
0.7019607843137253,0.7019607843137253,0.7019607843137253;
0.7098039215686271,0.7098039215686271,0.7098039215686271;
0.7176470588235293,0.7176470588235293,0.7176470588235293;
0.7254901960784312,0.7254901960784312,0.7254901960784312;
0.7323337178008457,0.7323337178008457,0.7323337178008457;
0.7381776239907727,0.7381776239907727,0.7381776239907727;
0.7440215301806996,0.7440215301806996,0.7440215301806996;
0.7498654363706265,0.7498654363706265,0.7498654363706265;
0.7557093425605536,0.7557093425605536,0.7557093425605536;
0.7615532487504804,0.7615532487504804,0.7615532487504804;
0.7673971549404075,0.7673971549404075,0.7673971549404075;
0.7732410611303344,0.7732410611303344,0.7732410611303344;
0.7790849673202613,0.7790849673202613,0.7790849673202613;
0.7849288735101884,0.7849288735101884,0.7849288735101884;
0.7907727797001153,0.7907727797001153,0.7907727797001153;
0.7966166858900422,0.7966166858900422,0.7966166858900422;
0.8024605920799692,0.8024605920799692,0.8024605920799692;
0.808304498269896,0.808304498269896,0.808304498269896;
0.8141484044598231,0.8141484044598231,0.8141484044598231;
0.81999231064975,0.81999231064975,0.81999231064975;
0.825836216839677,0.825836216839677,0.825836216839677;
0.8316801230296039,0.8316801230296039,0.8316801230296039;
0.837524029219531,0.837524029219531,0.837524029219531;
0.8433679354094579,0.8433679354094579,0.8433679354094579;
0.8492118415993848,0.8492118415993848,0.8492118415993848;
0.8550557477893117,0.8550557477893117,0.8550557477893117;
0.8608996539792387,0.8608996539792387,0.8608996539792387;
0.8667435601691656,0.8667435601691656,0.8667435601691656;
0.8725874663590927,0.8725874663590927,0.8725874663590927;
0.8784313725490196,0.8784313725490196,0.8784313725490196;
0.88319876970396,0.88319876970396,0.88319876970396;
0.8879661668589004,0.8879661668589004,0.8879661668589004;
0.8927335640138409,0.8927335640138409,0.8927335640138409;
0.8975009611687812,0.8975009611687812,0.8975009611687812;
0.9022683583237217,0.9022683583237217,0.9022683583237217;
0.907035755478662,0.907035755478662,0.907035755478662;
0.9118031526336025,0.9118031526336025,0.9118031526336025;
0.9165705497885429,0.9165705497885429,0.9165705497885429;
0.9213379469434833,0.9213379469434833,0.9213379469434833;
0.9261053440984237,0.9261053440984237,0.9261053440984237;
0.930872741253364,0.930872741253364,0.930872741253364;
0.9356401384083044,0.9356401384083044,0.9356401384083044;
0.9404075355632449,0.9404075355632449,0.9404075355632449;
0.9451749327181853,0.9451749327181853,0.9451749327181853;
0.9499423298731258,0.9499423298731258,0.9499423298731258;
0.9547097270280661,0.9547097270280661,0.9547097270280661;
0.9594771241830066,0.9594771241830066,0.9594771241830066;
0.9642445213379469,0.9642445213379469,0.9642445213379469;
0.9690119184928874,0.9690119184928874,0.9690119184928874;
0.9737793156478277,0.9737793156478277,0.9737793156478277;
0.9785467128027682,0.9785467128027682,0.9785467128027682;
0.9833141099577085,0.9833141099577085,0.9833141099577085;
0.988081507112649,0.988081507112649,0.988081507112649;
0.9928489042675894,0.9928489042675894,0.9928489042675894;
0.9976163014225298,0.9976163014225298,0.9976163014225298;
0.9998462129950019,0.9972318339100346,0.9956939638600538;
0.9995386389850057,0.9916955017301038,0.9870818915801615;
0.9992310649750096,0.986159169550173,0.9784698193002691;
0.9989234909650134,0.9806228373702423,0.9698577470203769;
0.9986159169550173,0.9750865051903116,0.9612456747404847;
0.9983083429450211,0.9695501730103806,0.9526336024605921;
0.998000768935025,0.9640138408304498,0.9440215301806998;
0.9976931949250288,0.9584775086505191,0.9354094579008074;
0.9973856209150327,0.9529411764705883,0.9267973856209151;
