function cmap = RdPu_r()

cmap = [0.28627450980392155,0.0,0.41568627450980394;
0.2923029603998462,0.00012302960399846212,0.41728565936178397;
0.2983314109957708,0.00024605920799692423,0.41888504421376394;
0.3043598615916955,0.0003690888119953864,0.42048442906574396;
0.31038831218762014,0.0004921184159938485,0.422083813917724;
0.3164167627835448,0.0006151480199923106,0.423683198769704;
0.3224452133794694,0.0007381776239907728,0.425282583621684;
0.32847366397539407,0.0008612072279892349,0.426881968473664;
0.33450211457131873,0.000984236831987697,0.428481353325644;
0.34053056516724334,0.001107266435986159,0.430080738177624;
0.346559015763168,0.0012302960399846212,0.431680123029604;
0.35258746635909266,0.0013533256439830835,0.43327950788158404;
0.35861591695501727,0.0014763552479815456,0.434878892733564;
0.36464436755094193,0.0015993848519800077,0.43647827758554403;
0.3706728181468666,0.0017224144559784698,0.43807766243752405;
0.37670126874279125,0.001845444059976932,0.4396770472895041;
0.3827297193387159,0.001968473663975394,0.44127643214148404;
0.3887581699346405,0.002091503267973856,0.44287581699346407;
0.3947866205305652,0.002214532871972318,0.4444752018454441;
0.40081507112648984,0.00233756247597078,0.44607458669742406;
0.40684352172241445,0.0024605920799692423,0.4476739715494041;
0.4128719723183391,0.0025836216839677044,0.4492733564013841;
0.41890042291426377,0.002706651287966167,0.4508727412533641;
0.4249288735101884,0.002829680891964629,0.4524721261053441;
0.43095732410611304,0.0029527104959630912,0.4540715109573241;
0.4369857747020377,0.0030757400999615533,0.45567089580930414;
0.4430142252979623,0.0031987697039600155,0.4572702806612841;
0.44904267589388697,0.0033217993079584776,0.45886966551326414;
0.45507112648981163,0.0034448289119569397,0.46046905036524416;
0.46109957708573623,0.003567858515955402,0.4620684352172242;
0.46712802768166095,0.003690888119953864,0.46366782006920415;
0.47315647827758556,0.003813917723952326,0.4652672049211842;
0.4792310649750096,0.00392156862745098,0.46677431757016535;
0.4856286043829296,0.00392156862745098,0.46763552479815457;
0.4920261437908497,0.00392156862745098,0.4684967320261438;
0.49842368319876973,0.00392156862745098,0.46935793925413305;
0.5048212226066897,0.00392156862745098,0.47021914648212226;
0.5112187620146097,0.00392156862745098,0.4710803537101115;
0.5176163014225298,0.00392156862745098,0.47194156093810075;
0.5240138408304499,0.00392156862745098,0.47280276816608996;
0.5304113802383699,0.00392156862745098,0.47366397539407923;
0.5368089196462899,0.00392156862745098,0.47452518262206844;
0.54320645905421,0.00392156862745098,0.47538638985005766;
0.5496039984621299,0.00392156862745098,0.4762475970780469;
0.55600153787005,0.00392156862745098,0.47710880430603614;
0.56239907727797,0.00392156862745098,0.4779700115340254;
0.5687966166858901,0.00392156862745098,0.4788312187620146;
0.5751941560938101,0.00392156862745098,0.47969242599000383;
0.5815916955017302,0.00392156862745098,0.4805536332179931;
0.58798923490965,0.00392156862745098,0.4814148404459823;
0.5943867743175701,0.00392156862745098,0.4822760476739716;
0.6007843137254902,0.00392156862745098,0.4831372549019608;
0.6071818531334102,0.00392156862745098,0.48399846212995;
0.6135793925413302,0.00392156862745098,0.4848596693579393;
0.6199769319492503,0.00392156862745098,0.4857208765859285;
0.6263744713571704,0.00392156862745098,0.48658208381391777;
0.6327720107650904,0.00392156862745098,0.487443291041907;
0.6391695501730104,0.00392156862745098,0.4883044982698962;
0.6455670895809305,0.00392156862745098,0.48916570549788546;
0.6519646289888504,0.00392156862745098,0.4900269127258747;
0.6583621683967704,0.00392156862745098,0.49088811995386394;
0.6647597078046905,0.00392156862745098,0.49174932718185316;
0.6711572472126106,0.00392156862745098,0.49261053440984237;
0.6775547866205306,0.00392156862745098,0.49347174163783164;
0.6837985390234526,0.005490196078431373,0.4948865820838139;
0.6895809304113802,0.011764705882352941,0.4979623221837755;
0.6953633217993079,0.018039215686274424,0.501038062283737;
0.7011457131872357,0.02431372549019608,0.5041138023836986;
0.7069281045751634,0.03058823529411765,0.5071895424836601;
0.7127104959630911,0.03686274509803922,0.5102652825836217;
0.7184928873510189,0.043137254901960784,0.5133410226835833;
0.7242752787389466,0.049411764705882356,0.5164167627835448;
0.7300576701268743,0.05568627450980393,0.5194925028835063;
0.735840061514802,0.061960784313725495,0.5225682429834679;
0.7416224529027297,0.06823529411764698,0.5256439830834294;
0.7474048442906575,0.07450980392156864,0.528719723183391;
0.7531872356785851,0.0807843137254902,0.5317954632833526;
0.7589696270665129,0.08705882352941177,0.5348712033833142;
0.7647520184544406,0.09333333333333334,0.5379469434832757;
0.7705344098423683,0.09960784313725492,0.5410226835832372;
0.7763168012302961,0.10588235294117647,0.5440984236831988;
0.7820991926182238,0.11215686274509803,0.5471741637831603;
0.7878815840061514,0.11843137254901952,0.5502499038831219;
0.7936639753940792,0.12470588235294118,0.5533256439830835;
0.799446366782007,0.13098039215686275,0.556401384083045;
0.8052287581699347,0.13725490196078433,0.5594771241830065;
0.8110111495578624,0.1435294117647059,0.5625528642829681;
0.81679354094579,0.14980392156862743,0.5656286043829296;
0.8225759323337178,0.156078431372549,0.5687043444828912;
0.8283583237216455,0.1623529411764706,0.5717800845828528;
0.8341407151095732,0.16862745098039206,0.5748558246828143;
0.839923106497501,0.17490196078431375,0.5779315647827759;
0.8457054978854287,0.18117647058823527,0.5810073048827374;
0.8514878892733564,0.18745098039215685,0.5840830449826989;
0.8572702806612842,0.19372549019607843,0.5871587850826605;
0.8630526720492119,0.2,0.5902345251826221;
0.8678662053056517,0.20632064590542099,0.5926182237600923;
0.8710649750096117,0.21271818531334102,0.5938485198000769;
0.8742637447135717,0.21911572472126095,0.5950788158400615;
0.8774625144175318,0.22551326412918107,0.5963091118800461;
0.8806612841214918,0.2319108035371011,0.5975394079200308;
0.8838600538254517,0.23830834294502115,0.5987697039600154;
0.8870588235294118,0.24470588235294116,0.6;
0.8902575932333718,0.2511034217608612,0.6012302960399846;
0.8934563629373318,0.25750096116878124,0.6024605920799693;
0.8966551326412918,0.2638985005767013,0.6036908881199539;
0.8998539023452518,0.2702960399846212,0.6049211841599385;
0.9030526720492119,0.27669357939254136,0.6061514801999232;
0.9062514417531718,0.28309111880046134,0.6073817762399077;
0.9094502114571319,0.2894886582083814,0.6086120722798923;
0.9126489811610919,0.2958861976163014,0.6098423683198769;
0.9158477508650519,0.30228373702422145,0.6110726643598616;
0.9190465205690119,0.3086812764321415,0.6123029603998462;
0.922245290272972,0.3150788158400615,0.6135332564398308;
0.9254440599769319,0.32147635524798146,0.6147635524798154;
0.928642829680892,0.32787389465590155,0.6159938485198001;
0.931841599384852,0.3342714340638216,0.6172241445597847;
0.935040369088812,0.34066897347174163,0.6184544405997693;
0.938239138792772,0.3470665128796616,0.6196847366397539;
0.941437908496732,0.3534640522875817,0.6209150326797386;
0.9446366782006921,0.3598615916955017,0.6221453287197232;
0.947835447904652,0.36625913110342173,0.6233756247597078;
0.9510342176086121,0.37265667051134166,0.6246059207996923;
0.9542329873125721,0.3790542099192618,0.625836216839677;
0.957431757016532,0.38545174932718185,0.6270665128796616;
0.9606305267204921,0.39184928873510183,0.6282968089196462;
0.9638292964244521,0.3982468281430219,0.6295271049596309;
0.9670280661284122,0.4046443675509419,0.6307574009996155;
0.9688119953863898,0.4112264513648597,0.6326028450595924;
0.9691810841983852,0.4179930795847751,0.6350634371395617;
0.9695501730103806,0.4247597078046905,0.6375240292195309;
0.969919261822376,0.43152633602460594,0.6399846212995002;
0.9702883506343714,0.43829296424452113,0.6424452133794694;
0.9706574394463667,0.44505959246443677,0.6449058054594387;
0.9710265282583621,0.4518262206843522,0.647366397539408;
