function cmap = RdYlBu_r()

cmap = [0.19215686274509805,0.21176470588235294,0.5843137254901961;
0.1952326028450596,0.22145328719723184,0.5890811226451366;
0.19830834294502114,0.23114186851211072,0.5938485198000769;
0.2013840830449827,0.24083044982698962,0.5986159169550174;
0.20445982314494426,0.2505190311418685,0.6033833141099577;
0.2075355632449058,0.2602076124567474,0.6081507112648982;
0.21061130334486736,0.26989619377162627,0.6129181084198385;
0.21368704344482892,0.2795847750865052,0.617685505574779;
0.21676278354479048,0.2892733564013841,0.6224529027297194;
0.219838523644752,0.298961937716263,0.6272202998846598;
0.22291426374471357,0.3086505190311418,0.6319876970396002;
0.22599000384467513,0.31833910034602075,0.6367550941945406;
0.2290657439446367,0.32802768166089963,0.641522491349481;
0.23214148404459822,0.3377162629757785,0.6462898885044214;
0.23521722414455978,0.34740484429065743,0.6510572856593618;
0.23829296424452134,0.35709342560553636,0.6558246828143022;
0.24136870434448288,0.3667820069204152,0.6605920799692426;
0.24444444444444444,0.3764705882352941,0.6653594771241831;
0.247520184544406,0.38615916955017304,0.6701268742791234;
0.25059592464436753,0.39584775086505186,0.6748942714340639;
0.2536716647443291,0.4055363321799308,0.6796616685890042;
0.25674740484429065,0.41522491349480967,0.6844290657439447;
0.2598231449442522,0.42491349480968854,0.6891964628988851;
0.26289888504421377,0.43460207612456747,0.6939638600538255;
0.2659746251441753,0.44429065743944635,0.6987312572087659;
0.26905036524413684,0.4539792387543252,0.7034986543637063;
0.27420222991157245,0.46312956555171086,0.7081122645136486;
0.2814302191464821,0.4717416378316032,0.7125720876585929;
0.2886582083813918,0.4803537101114956,0.7170319108035371;
0.2958861976163014,0.48896578239138794,0.7214917339484814;
0.30311418685121105,0.49757785467128024,0.7259515570934256;
0.3103421760861207,0.5061899269511726,0.7304113802383699;
0.31757016532103033,0.514801999231065,0.7348712033833141;
0.32479815455593997,0.5234140715109572,0.7393310265282583;
0.33202614379084966,0.5320261437908497,0.7437908496732026;
0.3392541330257593,0.540638216070742,0.7482506728181468;
0.346482122260669,0.5492502883506344,0.7527104959630911;
0.35371011149557857,0.5578623606305266,0.7571703191080353;
0.36093810073048826,0.5664744329104191,0.7616301422529796;
0.3681660899653979,0.5750865051903115,0.7660899653979238;
0.37539407920030754,0.5836985774702038,0.7705497885428682;
0.3826220684352172,0.5923106497500961,0.7750096116878123;
0.38985005767012687,0.6009227220299884,0.7794694348327567;
0.3970780469050365,0.6095347943098808,0.7839292579777009;
0.4043060361399462,0.6181468665897731,0.7883890811226452;
0.4115340253748557,0.6267589388696655,0.7928489042675894;
0.4187620146097655,0.6353710111495579,0.7973087274125337;
0.4259900038446751,0.6439830834294502,0.8017685505574779;
0.43321799307958475,0.6525951557093426,0.8062283737024221;
0.4404459823144944,0.6612072279892349,0.8106881968473664;
0.4476739715494041,0.6698193002691273,0.8151480199923107;
0.4549019607843137,0.6784313725490196,0.8196078431372549;
0.463360246059208,0.685198000768935,0.8232987312572088;
0.4718185313341022,0.6919646289888504,0.8269896193771625;
0.4802768166089965,0.6987312572087658,0.8306805074971164;
0.4887351018838908,0.7054978854286813,0.8343713956170703;
0.497193387158785,0.7122645136485967,0.8380622837370242;
0.5056516724336793,0.719031141868512,0.8417531718569781;
0.5141099577085736,0.7257977700884275,0.845444059976932;
0.5225682429834678,0.732564398308343,0.8491349480968857;
0.5310265282583622,0.7393310265282583,0.8528258362168396;
0.5394848135332563,0.7460976547481737,0.8565167243367935;
0.5479430988081506,0.7528642829680892,0.8602076124567474;
0.5564013840830448,0.7596309111880046,0.8638985005767013;
0.5648596693579392,0.76639753940792,0.867589388696655;
0.5733179546328334,0.7731641676278354,0.8712802768166089;
0.5817762399077275,0.7799307958477507,0.8749711649365628;
0.590234525182622,0.7866974240676662,0.8786620530565167;
0.5986928104575162,0.7934640522875817,0.8823529411764706;
0.6071510957324104,0.800230680507497,0.8860438292964243;
0.6156093810073048,0.8069973087274125,0.8897347174163782;
0.624067666282199,0.8137639369473278,0.8934256055363321;
0.6325259515570933,0.8205305651672432,0.897116493656286;
0.6409842368319876,0.8272971933871587,0.9008073817762399;
0.6494425221068817,0.8340638216070739,0.9044982698961936;
0.657900807381776,0.8408304498269895,0.9081891580161475;
0.6663590926566704,0.8475970780469049,0.9118800461361014;
0.6746635909265666,0.8529796232218376,0.9148788927335639;
0.6828143021914647,0.8569780853517877,0.9171856978085351;
0.6909650134563627,0.8609765474817377,0.9194925028835063;
0.6991157247212609,0.8649750096116877,0.9217993079584774;
0.707266435986159,0.8689734717416377,0.9241061130334486;
0.7154171472510571,0.8729719338715877,0.9264129181084197;
0.7235678585159553,0.8769703960015378,0.9287197231833909;
0.7317185697808534,0.8809688581314878,0.9310265282583621;
0.7398692810457516,0.8849673202614379,0.9333333333333332;
0.7480199923106496,0.8889657823913879,0.9356401384083044;
0.7561707035755477,0.8929642445213378,0.9379469434832757;
0.7643214148404459,0.8969627066512879,0.9402537485582468;
0.772472126105344,0.9009611687812379,0.942560553633218;
0.780622837370242,0.9049596309111879,0.944867358708189;
0.7887735486351403,0.908958093041138,0.9471741637831603;
0.7969242599000383,0.912956555171088,0.9494809688581315;
0.8050749711649365,0.916955017301038,0.9517877739331027;
0.8132256824298346,0.920953479430988,0.9540945790080738;
0.8213763936947327,0.9249519415609381,0.956401384083045;
0.8295271049596309,0.928950403690888,0.9587081891580161;
0.837677816224529,0.932948865820838,0.9610149942329873;
0.845828527489427,0.9369473279507881,0.9633217993079585;
0.8539792387543252,0.9409457900807381,0.9656286043829296;
0.8621299500192233,0.9449442522106881,0.9679354094579008;
0.8702806612841215,0.9489427143406381,0.970242214532872;
0.8784313725490196,0.9529411764705882,0.9725490196078431;
0.88319876970396,0.9547866205305651,0.9637831603229527;
0.8879661668589004,0.9566320645905421,0.9550173010380623;
0.8927335640138409,0.958477508650519,0.9462514417531719;
0.8975009611687812,0.9603229527104958,0.9374855824682815;
0.9022683583237217,0.9621683967704728,0.928719723183391;
0.907035755478662,0.9640138408304498,0.9199538638985005;
0.9118031526336025,0.9658592848904267,0.9111880046136102;
0.9165705497885429,0.9677047289504036,0.9024221453287197;
0.9213379469434833,0.9695501730103806,0.8936562860438293;
0.9261053440984237,0.9713956170703575,0.8848904267589388;
0.930872741253364,0.9732410611303345,0.8761245674740484;
0.9356401384083044,0.9750865051903114,0.8673587081891582;
0.9404075355632449,0.9769319492502884,0.8585928489042676;
0.9451749327181853,0.9787773933102653,0.8498269896193772;
0.9499423298731258,0.9806228373702421,0.8410611303344867;
0.9547097270280661,0.9824682814302191,0.8322952710495963;
0.9594771241830066,0.984313725490196,0.8235294117647058;
0.9642445213379469,0.986159169550173,0.8147635524798155;
0.9690119184928874,0.9880046136101499,0.8059976931949251;
0.9737793156478277,0.9898500576701268,0.7972318339100347;
0.9785467128027682,0.9916955017301038,0.7884659746251441;
0.9833141099577085,0.9935409457900808,0.7797001153402537;
0.988081507112649,0.9953863898500577,0.7709342560553634;
0.9928489042675894,0.9972318339100346,0.7621683967704729;
0.9976163014225298,0.9990772779700116,0.7534025374855825;
0.9999231064975009,0.9976163014225298,0.7454056132256824;
0.9997693194925029,0.9928489042675894,0.7381776239907728;
0.9996155324875048,0.988081507112649,0.7309496347558632;
0.9994617454825068,0.9833141099577086,0.7237216455209535;
0.9993079584775086,0.9785467128027683,0.7164936562860441;
0.9991541714725106,0.9737793156478278,0.7092656670511343;
0.9990003844675125,0.9690119184928874,0.7020376778162246;
0.9988465974625145,0.964244521337947,0.694809688581315;
0.9986928104575163,0.9594771241830066,0.6875816993464053;
