function cmap = RdYlGn_r()

cmap = [0.0,0.40784313725490196,0.21568627450980393;
0.003998462129950019,0.41522491349480967,0.21953094963475586;
0.007996924259900038,0.42260668973471743,0.22337562475970782;
0.011995386389850057,0.42998846597462514,0.22722029988465975;
0.015993848519800076,0.43737024221453286,0.2310649750096117;
0.019992310649750097,0.44475201845444057,0.23490965013456364;
0.023990772779700114,0.45213379469434833,0.23875432525951557;
0.027989234909650138,0.45951557093425605,0.24259900038446752;
0.03198769703960015,0.46689734717416376,0.24644367550941945;
0.035986159169550176,0.4742791234140715,0.2502883506343714;
0.03998462129950019,0.48166089965397924,0.25413302575932334;
0.04398308342945021,0.48904267589388695,0.2579777008842753;
0.04798154555940023,0.4964244521337947,0.2618223760092272;
0.051980007689350245,0.5038062283737024,0.26566705113417916;
0.055978469819300276,0.5111880046136101,0.2695117262591311;
0.05997693194925029,0.5185697808535179,0.27335640138408307;
0.0639753940792003,0.5259515570934256,0.27720107650903497;
0.06797385620915032,0.5333333333333333,0.28104575163398693;
0.07197231833910035,0.5407151095732411,0.2848904267589389;
0.07597078046905037,0.5480968858131487,0.28873510188389084;
0.07996924259900039,0.5554786620530565,0.29257977700884275;
0.0839677047289504,0.5628604382929643,0.2964244521337947;
0.08796616685890042,0.5702422145328719,0.30026912725874666;
0.09196462898885044,0.5776239907727797,0.30411380238369856;
0.09596309111880046,0.5850057670126874,0.3079584775086505;
0.09996155324875047,0.5923875432525951,0.3118031526336025;
0.10780469050365243,0.5989234909650134,0.31518646674356016;
0.11949250288350635,0.6046136101499423,0.3181084198385236;
0.13118031526336024,0.6103037293348712,0.32103037293348713;
0.14286812764321416,0.6159938485198001,0.3239523260284506;
0.15455594002306805,0.621683967704729,0.32687427912341405;
0.16624375240292197,0.6273740868896578,0.32979623221837756;
0.17793156478277586,0.6330642060745867,0.332718185313341;
0.1896193771626297,0.6387543252595156,0.3356401384083045;
0.20130718954248367,0.6444444444444445,0.338562091503268;
0.21299500192233758,0.6501345636293733,0.34148404459823145;
0.22468281430219147,0.6558246828143022,0.3444059976931949;
0.2363706266820453,0.6615148019992311,0.34732795078815837;
0.24805843906189928,0.66720492118416,0.3502499038831219;
0.25974625144175323,0.6728950403690889,0.35317185697808534;
0.27143406382160706,0.6785851595540177,0.35609381007304886;
0.2831218762014609,0.6842752787389466,0.3590157631680123;
0.29480968858131495,0.6899653979238755,0.3619377162629758;
0.3064975009611688,0.6956555171088044,0.36485966935793923;
0.31818531334102274,0.7013456362937331,0.36778162245290275;
0.32987312572087657,0.707035755478662,0.3707035755478662;
0.3415609381007305,0.7127258746635909,0.3736255286428297;
0.35324875048058446,0.7184159938485198,0.3765474817377932;
0.3649365628604383,0.7241061130334487,0.37946943483275664;
0.37662437524029213,0.7297962322183775,0.3823913879277201;
0.3883121876201462,0.7354863514033064,0.3853133410226836;
0.4,0.7411764705882353,0.38823529411764707;
0.40984236831987697,0.7454825067281815,0.3893118031526336;
0.41968473663975386,0.7497885428681277,0.39038831218762016;
0.4295271049596309,0.7540945790080739,0.3914648212226067;
0.43936947327950787,0.75840061514802,0.39254133025759325;
0.4492118415993849,0.7627066512879662,0.39361783929257976;
0.4590542099192617,0.7670126874279123,0.39469434832756634;
0.4688965782391388,0.7713187235678585,0.39577085736255285;
0.4787389465590157,0.7756247597078046,0.3968473663975394;
0.4885813148788927,0.7799307958477508,0.39792387543252594;
0.4984236831987696,0.784236831987697,0.3990003844675125;
0.5082660515186467,0.7885428681276432,0.40007689350249903;
0.5181084198385236,0.7928489042675894,0.4011534025374856;
0.5279507881584006,0.7971549404075355,0.4022299115724721;
0.5377931564782775,0.8014609765474817,0.4033064206074587;
0.5476355247981544,0.8057670126874278,0.4043829296424452;
0.5574778931180314,0.8100730488273741,0.4054594386774318;
0.5673202614379085,0.8143790849673203,0.4065359477124183;
0.5771626297577854,0.8186851211072663,0.40761245674740487;
0.5870049980776624,0.8229911572472126,0.4086889657823914;
0.5968473663975393,0.8272971933871587,0.40976547481737796;
0.6066897347174163,0.8316032295271049,0.4108419838523645;
0.6165321030372932,0.835909265667051,0.41191849288735105;
0.6263744713571701,0.8402153018069972,0.41299500192233757;
0.6362168396770471,0.8445213379469434,0.4140715109573241;
0.6460592079969241,0.8488273740868896,0.41514801999231066;
0.6549019607843136,0.8526720492118415,0.41822376009227213;
0.6627450980392156,0.8560553633217992,0.42329873125720874;
0.6705882352941176,0.859438677431757,0.4283737024221453;
0.6784313725490195,0.8628219915417147,0.43344867358708183;
0.6862745098039215,0.8662053056516724,0.4385236447520184;
0.6941176470588233,0.86958861976163,0.4435986159169549;
0.7019607843137254,0.8729719338715878,0.44867358708189153;
0.7098039215686274,0.8763552479815455,0.4537485582468281;
0.7176470588235293,0.8797385620915033,0.45882352941176463;
0.7254901960784313,0.883121876201461,0.46389850057670123;
0.7333333333333333,0.8865051903114186,0.4689734717416378;
0.7411764705882352,0.8898885044213763,0.47404844290657433;
0.7490196078431371,0.8932718185313341,0.47912341407151093;
0.7568627450980391,0.8966551326412917,0.4841983852364474;
0.7647058823529411,0.9000384467512494,0.48927335640138403;
0.7725490196078431,0.9034217608612072,0.4943483275663206;
0.780392156862745,0.9068050749711649,0.4994232987312571;
0.788235294117647,0.9101883890811227,0.5044982698961937;
0.796078431372549,0.9135717031910804,0.5095732410611303;
0.8039215686274509,0.916955017301038,0.5146482122260668;
0.8117647058823529,0.9203383314109957,0.5197231833910034;
0.8196078431372548,0.9237216455209534,0.5247981545559399;
0.8274509803921568,0.9271049596309112,0.5298731257208765;
0.8352941176470587,0.9304882737408688,0.5349480968858131;
0.8431372549019608,0.9338715878508266,0.5400230680507496;
0.8509803921568627,0.9372549019607843,0.5450980392156862;
0.8568242983467896,0.9397154940407536,0.5530949634755863;
0.8626682045367167,0.9421760861207228,0.5610918877354863;
0.8685121107266436,0.9446366782006921,0.5690888119953863;
0.8743560169165705,0.9470972702806613,0.5770857362552863;
0.8801999231064975,0.9495578623606306,0.5850826605151864;
0.8860438292964244,0.9520184544405997,0.5930795847750865;
0.8918877354863514,0.954479046520569,0.6010765090349866;
0.8977316416762784,0.9569396386005382,0.6090734332948865;
0.9035755478662053,0.9594002306805075,0.6170703575547866;
0.9094194540561322,0.9618608227604768,0.6250672818146866;
0.9152633602460591,0.964321414840446,0.6330642060745867;
0.9211072664359861,0.9667820069204152,0.6410611303344866;
0.9269511726259131,0.9692425990003845,0.6490580545943867;
0.9327950788158401,0.9717031910803537,0.6570549788542868;
0.938638985005767,0.9741637831603229,0.6650519031141868;
0.944482891195694,0.9766243752402922,0.6730488273740869;
0.9503267973856209,0.9790849673202614,0.681045751633987;
0.9561707035755479,0.9815455594002307,0.689042675893887;
0.9620146097654748,0.9840061514801999,0.697039600153787;
0.9678585159554016,0.9864667435601692,0.7050365244136869;
0.9737024221453288,0.9889273356401385,0.7130334486735871;
0.9795463283352557,0.9913879277201076,0.7210303729334872;
0.9853902345251826,0.9938485198000769,0.7290272971933871;
0.9912341407151095,0.9963091118800461,0.7370242214532872;
0.9970780469050365,0.9987697039600154,0.7450211457131872;
0.9999231064975009,0.9976163014225298,0.7450211457131872;
0.9997693194925029,0.9928489042675894,0.7370242214532872;
0.9996155324875048,0.988081507112649,0.7290272971933872;
0.9994617454825068,0.9833141099577086,0.7210303729334872;
0.9993079584775086,0.9785467128027683,0.7130334486735873;
0.9991541714725106,0.9737793156478278,0.7050365244136871;
0.9990003844675125,0.9690119184928874,0.6970396001537871;
0.9988465974625145,0.964244521337947,0.689042675893887;
