function cmap = Spectral_r()

cmap = [0.3686274509803922,0.30980392156862746,0.6352941176470588;
0.36186082276047676,0.3185697808535179,0.6394463667820068;
0.35509419454056135,0.3273356401384083,0.643598615916955;
0.34832756632064593,0.33610149942329876,0.647750865051903;
0.3415609381007305,0.3448673587081892,0.6519031141868512;
0.3347943098808151,0.35363321799307956,0.6560553633217993;
0.3280276816608997,0.36239907727797,0.6602076124567474;
0.32126105344098427,0.3711649365628604,0.6643598615916955;
0.31449442522106885,0.37993079584775086,0.6685121107266436;
0.30772779700115344,0.3886966551326413,0.6726643598615917;
0.300961168781238,0.3974625144175317,0.6768166089965397;
0.29419454056132255,0.40622837370242215,0.6809688581314879;
0.2874279123414072,0.4149942329873126,0.6851211072664359;
0.2806612841214917,0.423760092272203,0.6892733564013841;
0.2738946559015763,0.43252595155709345,0.6934256055363321;
0.2671280276816609,0.4412918108419839,0.6975778546712803;
0.2603613994617455,0.45005767012687425,0.7017301038062284;
0.25359477124183005,0.4588235294117647,0.7058823529411765;
0.24682814302191464,0.4675893886966551,0.7100346020761246;
0.24006151480199922,0.47635524798154555,0.7141868512110727;
0.2332948865820838,0.485121107266436,0.7183391003460208;
0.22652825836216842,0.4938869665513264,0.7224913494809688;
0.21976163014225297,0.5026528258362168,0.726643598615917;
0.21299500192233756,0.5114186851211073,0.730795847750865;
0.20622837370242214,0.5201845444059977,0.7349480968858132;
0.19946174548250672,0.5289504036908881,0.7391003460207612;
0.20007689350249905,0.5377931564782775,0.7393310265282584;
0.20807381776239908,0.546712802768166,0.7356401384083046;
0.21607074202229912,0.5556324490580545,0.7319492502883507;
0.22406766628219915,0.564552095347943,0.7282583621683968;
0.23206459054209921,0.5734717416378315,0.7245674740484429;
0.24006151480199922,0.58239138792772,0.720876585928489;
0.24805843906189928,0.5913110342176086,0.7171856978085352;
0.25605536332179923,0.6002306805074971,0.7134948096885814;
0.26405228758169935,0.6091503267973856,0.7098039215686275;
0.27204921184159936,0.6180699730872741,0.7061130334486736;
0.2800461361014994,0.6269896193771626,0.7024221453287197;
0.28804306036139943,0.6359092656670511,0.6987312572087659;
0.2960399846212995,0.6448289119569396,0.6950403690888121;
0.30403690888119955,0.6537485582468281,0.6913494809688582;
0.31203383314109956,0.6626682045367166,0.6876585928489043;
0.32003075740099957,0.6715878508266051,0.6839677047289504;
0.3280276816608997,0.6805074971164936,0.6802768166089965;
0.33602460592079975,0.6894271434063821,0.6765859284890428;
0.34402153018069975,0.6983467896962706,0.6728950403690889;
0.35201845444059976,0.7072664359861591,0.669204152249135;
0.3600153787004998,0.7161860822760476,0.6655132641291811;
0.3680123029603999,0.7251057285659361,0.6618223760092272;
0.3760092272202999,0.7340253748558246,0.6581314878892734;
0.3840061514801999,0.7429450211457131,0.6544405997693196;
0.39200307574009996,0.7518646674356017,0.6507497116493657;
0.4,0.7607843137254902,0.6470588235294118;
0.4106113033448674,0.7649365628604382,0.6469050365244137;
0.42122260668973466,0.7690888119953864,0.6467512495194156;
0.4318339100346021,0.7732410611303344,0.6465974625144175;
0.4424452133794694,0.7773933102652826,0.6464436755094195;
0.4530565167243368,0.7815455594002306,0.6462898885044214;
0.46366782006920404,0.7856978085351787,0.6461361014994234;
0.47427912341407147,0.7898500576701268,0.6459823144944252;
0.48489042675893884,0.7940023068050749,0.6458285274894272;
0.49550173010380616,0.798154555940023,0.6456747404844291;
0.5061130334486734,0.8023068050749711,0.6455209534794311;
0.5167243367935409,0.8064590542099193,0.6453671664744329;
0.5273356401384082,0.8106113033448673,0.6452133794694349;
0.5379469434832755,0.8147635524798155,0.6450595924644368;
0.5485582468281429,0.8189158016147635,0.6449058054594388;
0.5591695501730101,0.8230680507497116,0.6447520184544406;
0.5697808535178777,0.8272202998846597,0.6445982314494426;
0.580392156862745,0.8313725490196078,0.6444444444444445;
0.5910034602076123,0.8355247981545559,0.6442906574394464;
0.6016147635524797,0.839677047289504,0.6441368704344483;
0.612226066897347,0.8438292964244521,0.6439830834294502;
0.6228373702422143,0.8479815455594002,0.6438292964244522;
0.6334486735870817,0.8521337946943482,0.6436755094194541;
0.6440599769319489,0.8562860438292963,0.643521722414456;
0.6546712802768164,0.8604382929642445,0.6433679354094579;
0.6652825836216838,0.8645905420991926,0.6432141484044599;
0.6751249519415607,0.8685121107266436,0.6422145328719724;
0.6841983852364474,0.8722029988465975,0.6403690888119955;
0.6932718185313339,0.8758938869665513,0.6385236447520185;
0.7023452518262205,0.8795847750865051,0.6366782006920416;
0.7114186851211071,0.883275663206459,0.6348327566320646;
0.7204921184159936,0.8869665513264129,0.6329873125720877;
0.7295655517108803,0.8906574394463668,0.6311418685121107;
0.7386389850057669,0.8943483275663207,0.6292964244521339;
0.7477124183006535,0.8980392156862745,0.6274509803921569;
0.7567858515955401,0.9017301038062284,0.62560553633218;
0.7658592848904267,0.9054209919261822,0.6237600922722031;
0.7749327181853133,0.9091118800461361,0.6219146482122261;
0.7840061514801998,0.91280276816609,0.6200692041522492;
0.7930795847750863,0.9164936562860437,0.6182237600922722;
0.802153018069973,0.9201845444059977,0.6163783160322953;
0.8112264513648596,0.9238754325259516,0.6145328719723183;
0.8202998846597462,0.9275663206459054,0.6126874279123414;
0.8293733179546328,0.9312572087658593,0.6108419838523645;
0.8384467512495194,0.9349480968858132,0.6089965397923875;
0.8475201845444059,0.938638985005767,0.6071510957324107;
0.8565936178392926,0.9423298731257209,0.6053056516724337;
0.8656670511341791,0.9460207612456747,0.6034602076124568;
0.8747404844290657,0.9497116493656286,0.6016147635524798;
0.8838139177239523,0.9534025374855825,0.5997693194925029;
0.8928873510188389,0.9570934256055363,0.5979238754325259;
0.9019607843137255,0.9607843137254902,0.596078431372549;
0.9058054594386774,0.962322183775471,0.6020761245674741;
0.9096501345636294,0.9638600538254518,0.6080738177623991;
0.9134948096885813,0.9653979238754326,0.6140715109573242;
0.9173394848135332,0.9669357939254133,0.6200692041522491;
0.9211841599384852,0.9684736639753941,0.6260668973471741;
0.9250288350634371,0.9700115340253749,0.6320645905420992;
0.9288735101883892,0.9715494040753556,0.6380622837370242;
0.932718185313341,0.9730872741253365,0.6440599769319493;
0.936562860438293,0.9746251441753172,0.6500576701268743;
0.9404075355632449,0.9761630142252979,0.6560553633217993;
0.9442522106881969,0.9777008842752788,0.6620530565167243;
0.9480968858131488,0.9792387543252595,0.6680507497116492;
0.9519415609381008,0.9807766243752403,0.6740484429065744;
0.9557862360630527,0.9823144944252211,0.6800461361014994;
0.9596309111880046,0.9838523644752019,0.6860438292964245;
0.9634755863129566,0.9853902345251826,0.6920415224913494;
0.9673202614379085,0.9869281045751634,0.6980392156862745;
0.9711649365628604,0.9884659746251442,0.7040369088811995;
0.9750096116878124,0.9900038446751249,0.7100346020761246;
0.9788542868127643,0.9915417147251057,0.7160322952710495;
0.9826989619377162,0.9930795847750865,0.7220299884659747;
0.9865436370626682,0.9946174548250672,0.7280276816608997;
0.9903883121876201,0.9961553248750481,0.7340253748558248;
0.9942329873125721,0.9976931949250288,0.7400230680507497;
0.998077662437524,0.9992310649750096,0.7460207612456747;
0.9999231064975009,0.9976163014225298,0.7450211457131872;
0.9997693194925029,0.9928489042675894,0.7370242214532872;
0.9996155324875048,0.988081507112649,0.7290272971933872;
0.9994617454825068,0.9833141099577086,0.7210303729334872;
0.9993079584775086,0.9785467128027683,0.7130334486735873;
0.9991541714725106,0.9737793156478278,0.7050365244136871;
0.9990003844675125,0.9690119184928874,0.6970396001537871;
0.9988465974625145,0.964244521337947,0.689042675893887;
0.9986928104575163,0.9594771241830066,0.681045751633987;
