function cmap = winter_r()

cmap = [0.0,1.0,0.5;
0.0,0.996078431372549,0.5019607843137255;
0.0,0.9921568627450981,0.503921568627451;
0.0,0.9882352941176471,0.5058823529411764;
0.0,0.9843137254901961,0.5078431372549019;
0.0,0.9803921568627451,0.5098039215686274;
0.0,0.9764705882352941,0.5117647058823529;
0.0,0.9725490196078431,0.5137254901960784;
0.0,0.9686274509803922,0.5156862745098039;
0.0,0.9647058823529412,0.5176470588235295;
0.0,0.9607843137254902,0.5196078431372549;
0.0,0.9568627450980393,0.5215686274509804;
0.0,0.9529411764705882,0.5235294117647059;
0.0,0.9490196078431372,0.5254901960784314;
0.0,0.9450980392156862,0.5274509803921569;
0.0,0.9411764705882353,0.5294117647058824;
0.0,0.9372549019607843,0.5313725490196078;
0.0,0.9333333333333333,0.5333333333333333;
0.0,0.9294117647058824,0.5352941176470588;
0.0,0.9254901960784314,0.5372549019607843;
0.0,0.9215686274509804,0.5392156862745098;
0.0,0.9176470588235294,0.5411764705882353;
0.0,0.9137254901960784,0.5431372549019607;
0.0,0.9098039215686274,0.5450980392156862;
0.0,0.9058823529411765,0.5470588235294118;
0.0,0.9019607843137255,0.5490196078431373;
0.0,0.8980392156862745,0.5509803921568628;
0.0,0.8941176470588236,0.5529411764705883;
0.0,0.8901960784313725,0.5549019607843138;
0.0,0.8862745098039215,0.5568627450980392;
0.0,0.8823529411764706,0.5588235294117647;
0.0,0.8784313725490196,0.5607843137254902;
0.0,0.8745098039215686,0.5627450980392157;
0.0,0.8705882352941177,0.5647058823529412;
0.0,0.8666666666666667,0.5666666666666667;
0.0,0.8627450980392157,0.5686274509803921;
0.0,0.8588235294117648,0.5705882352941176;
0.0,0.8549019607843138,0.5725490196078431;
0.0,0.8509803921568627,0.5745098039215686;
0.0,0.8470588235294118,0.5764705882352941;
0.0,0.8431372549019608,0.5784313725490196;
0.0,0.8392156862745098,0.580392156862745;
0.0,0.8352941176470589,0.5823529411764706;
0.0,0.8313725490196078,0.5843137254901961;
0.0,0.8274509803921568,0.5862745098039216;
0.0,0.8235294117647058,0.5882352941176471;
0.0,0.8196078431372549,0.5901960784313726;
0.0,0.8156862745098039,0.592156862745098;
0.0,0.8117647058823529,0.5941176470588235;
0.0,0.807843137254902,0.596078431372549;
0.0,0.803921568627451,0.5980392156862745;
0.0,0.8,0.6;
0.0,0.7960784313725491,0.6019607843137255;
0.0,0.7921568627450981,0.6039215686274509;
0.0,0.788235294117647,0.6058823529411764;
0.0,0.7843137254901961,0.607843137254902;
0.0,0.7803921568627451,0.6098039215686275;
0.0,0.7764705882352941,0.611764705882353;
0.0,0.7725490196078432,0.6137254901960785;
0.0,0.7686274509803921,0.615686274509804;
0.0,0.7647058823529411,0.6176470588235294;
0.0,0.7607843137254902,0.6196078431372549;
0.0,0.7568627450980392,0.6215686274509804;
0.0,0.7529411764705882,0.6235294117647059;
0.0,0.7490196078431373,0.6254901960784314;
0.0,0.7450980392156863,0.6274509803921569;
0.0,0.7411764705882353,0.6294117647058823;
0.0,0.7372549019607844,0.6313725490196078;
0.0,0.7333333333333334,0.6333333333333333;
0.0,0.7294117647058824,0.6352941176470588;
0.0,0.7254901960784313,0.6372549019607843;
0.0,0.7215686274509804,0.6392156862745098;
0.0,0.7176470588235294,0.6411764705882352;
0.0,0.7137254901960784,0.6431372549019607;
0.0,0.7098039215686275,0.6450980392156862;
0.0,0.7058823529411764,0.6470588235294118;
0.0,0.7019607843137254,0.6490196078431373;
0.0,0.6980392156862745,0.6509803921568628;
0.0,0.6941176470588235,0.6529411764705882;
0.0,0.6901960784313725,0.6549019607843137;
0.0,0.6862745098039216,0.6568627450980392;
0.0,0.6823529411764706,0.6588235294117647;
0.0,0.6784313725490196,0.6607843137254902;
0.0,0.6745098039215687,0.6627450980392157;
0.0,0.6705882352941177,0.6647058823529411;
0.0,0.6666666666666667,0.6666666666666666;
0.0,0.6627450980392157,0.6686274509803922;
0.0,0.6588235294117647,0.6705882352941177;
0.0,0.6549019607843137,0.6725490196078432;
0.0,0.6509803921568628,0.6745098039215687;
0.0,0.6470588235294118,0.6764705882352942;
0.0,0.6431372549019607,0.6784313725490196;
0.0,0.6392156862745098,0.6803921568627451;
0.0,0.6352941176470588,0.6823529411764706;
0.0,0.6313725490196078,0.6843137254901961;
0.0,0.6274509803921569,0.6862745098039216;
0.0,0.6235294117647059,0.6882352941176471;
0.0,0.6196078431372549,0.6901960784313725;
0.0,0.615686274509804,0.692156862745098;
0.0,0.611764705882353,0.6941176470588235;
0.0,0.607843137254902,0.696078431372549;
0.0,0.603921568627451,0.6980392156862745;
0.0,0.6,0.7;
0.0,0.596078431372549,0.7019607843137254;
0.0,0.592156862745098,0.7039215686274509;
0.0,0.5882352941176471,0.7058823529411764;
0.0,0.5843137254901961,0.7078431372549019;
0.0,0.580392156862745,0.7098039215686275;
0.0,0.5764705882352941,0.711764705882353;
0.0,0.5725490196078431,0.7137254901960784;
0.0,0.5686274509803921,0.7156862745098039;
0.0,0.5647058823529412,0.7176470588235294;
0.0,0.5607843137254902,0.7196078431372549;
0.0,0.5568627450980392,0.7215686274509804;
0.0,0.5529411764705883,0.7235294117647059;
0.0,0.5490196078431373,0.7254901960784313;
0.0,0.5450980392156863,0.7274509803921568;
0.0,0.5411764705882354,0.7294117647058823;
0.0,0.5372549019607843,0.7313725490196079;
0.0,0.5333333333333333,0.7333333333333334;
0.0,0.5294117647058824,0.7352941176470589;
0.0,0.5254901960784314,0.7372549019607844;
0.0,0.5215686274509804,0.7392156862745098;
0.0,0.5176470588235293,0.7411764705882353;
0.0,0.5137254901960784,0.7431372549019608;
0.0,0.5098039215686274,0.7450980392156863;
0.0,0.5058823529411764,0.7470588235294118;
0.0,0.5019607843137255,0.7490196078431373;
0.0,0.4980392156862745,0.7509803921568627;
0.0,0.49411764705882355,0.7529411764705882;
0.0,0.4901960784313726,0.7549019607843137;
0.0,0.4862745098039216,0.7568627450980392;
0.0,0.48235294117647065,0.7588235294117647;
0.0,0.4784313725490196,0.7607843137254902;
0.0,0.4745098039215686,0.7627450980392156;
0.0,0.47058823529411764,0.7647058823529411;
0.0,0.4666666666666667,0.7666666666666666;
0.0,0.4627450980392157,0.7686274509803921;
0.0,0.45882352941176474,0.7705882352941176;
0.0,0.4549019607843138,0.7725490196078431;
0.0,0.4509803921568627,0.7745098039215687;
0.0,0.44705882352941173,0.7764705882352941;
0.0,0.44313725490196076,0.7784313725490196;
0.0,0.4392156862745098,0.7803921568627451;
0.0,0.43529411764705883,0.7823529411764706;
0.0,0.43137254901960786,0.7843137254901961;
0.0,0.4274509803921569,0.7862745098039216;
0.0,0.42352941176470593,0.788235294117647;
0.0,0.41960784313725497,0.7901960784313725;
0.0,0.4156862745098039,0.7921568627450981;
0.0,0.4117647058823529,0.7941176470588236;
0.0,0.40784313725490196,0.7960784313725491;
0.0,0.403921568627451,0.7980392156862746;
0.0,0.4,0.8;
0.0,0.39607843137254906,0.8019607843137255;
0.0,0.3921568627450981,0.803921568627451;
0.0,0.388235294117647,0.8058823529411765;
0.0,0.38431372549019605,0.807843137254902;
0.0,0.3803921568627451,0.8098039215686275;
0.0,0.3764705882352941,0.8117647058823529;
0.0,0.37254901960784315,0.8137254901960784;
0.0,0.3686274509803922,0.8156862745098039;
0.0,0.3647058823529412,0.8176470588235294;
0.0,0.36078431372549025,0.8196078431372549;
0.0,0.3568627450980393,0.8215686274509804;
0.0,0.3529411764705882,0.8235294117647058;
0.0,0.34901960784313724,0.8254901960784313;
0.0,0.34509803921568627,0.8274509803921568;
0.0,0.3411764705882353,0.8294117647058823;
0.0,0.33725490196078434,0.8313725490196078;
0.0,0.33333333333333337,0.8333333333333333;
0.0,0.3294117647058824,0.8352941176470587;
0.0,0.3254901960784313,0.8372549019607843;
0.0,0.32156862745098036,0.8392156862745098;
0.0,0.3176470588235294,0.8411764705882353;
0.0,0.3137254901960784,0.8431372549019608;
0.0,0.30980392156862746,0.8450980392156863;
0.0,0.3058823529411765,0.8470588235294118;
0.0,0.3019607843137255,0.8490196078431372;
0.0,0.29803921568627456,0.8509803921568627;
0.0,0.2941176470588236,0.8529411764705882;
0.0,0.2901960784313725,0.8549019607843138;
0.0,0.28627450980392155,0.8568627450980393;
0.0,0.2823529411764706,0.8588235294117648;
0.0,0.2784313725490196,0.8607843137254902;
0.0,0.27450980392156865,0.8627450980392157;
0.0,0.2705882352941177,0.8647058823529412;
0.0,0.2666666666666667,0.8666666666666667;
