function cmap = Wistia_r()

cmap = [0.9882352941176471,0.4980392156862745,0.0;
0.9884198385236448,0.5000692041522491,0.0;
0.9886043829296425,0.5020991926182238,0.0;
0.9887889273356402,0.5041291810841984,0.0;
0.9889734717416379,0.506159169550173,0.0;
0.9891580161476355,0.5081891580161476,0.0;
0.9893425605536332,0.5102191464821223,0.0;
0.9895271049596309,0.5122491349480969,0.0;
0.9897116493656286,0.5142791234140716,0.0;
0.9898961937716263,0.5163091118800461,0.0;
0.990080738177624,0.5183391003460207,0.0;
0.9902652825836217,0.5203690888119954,0.0;
0.9904498269896194,0.52239907727797,0.0;
0.990634371395617,0.5244290657439447,0.0;
0.9908189158016147,0.5264590542099192,0.0;
0.9910034602076125,0.5284890426758939,0.0;
0.9911880046136102,0.5305190311418685,0.0;
0.9913725490196079,0.5325490196078432,0.0;
0.9915570934256056,0.5345790080738178,0.0;
0.9917416378316033,0.5366089965397924,0.0;
0.991926182237601,0.538638985005767,0.0;
0.9921107266435987,0.5406689734717416,0.0;
0.9922952710495964,0.5426989619377163,0.0;
0.992479815455594,0.5447289504036908,0.0;
0.9926643598615917,0.5467589388696655,0.0;
0.9928489042675894,0.5487889273356401,0.0;
0.9930334486735871,0.5508189158016148,0.0;
0.9932179930795848,0.5528489042675894,0.0;
0.9934025374855825,0.554878892733564,0.0;
0.9935870818915802,0.5569088811995386,0.0;
0.9937716262975779,0.5589388696655133,0.0;
0.9939561707035756,0.5609688581314879,0.0;
0.9941407151095732,0.5629988465974625,0.0;
0.9943252595155709,0.5650288350634372,0.0;
0.9945098039215686,0.5670588235294117,0.0;
0.9946943483275663,0.5690888119953864,0.0;
0.994878892733564,0.571118800461361,0.0;
0.9950634371395617,0.5731487889273357,0.0;
0.9952479815455594,0.5751787773933102,0.0;
0.9954325259515571,0.5772087658592849,0.0;
0.9956170703575548,0.5792387543252595,0.0;
0.9958016147635524,0.5812687427912341,0.0;
0.9959861591695501,0.5832987312572088,0.0;
0.9961707035755479,0.5853287197231833,0.0;
0.9963552479815456,0.587358708189158,0.0;
0.9965397923875433,0.5893886966551326,0.0;
0.996724336793541,0.5914186851211073,0.0;
0.9969088811995387,0.5934486735870819,0.0;
0.9970934256055364,0.5954786620530566,0.0;
0.9972779700115341,0.5975086505190311,0.0;
0.9974625144175318,0.5995386389850057,0.0;
0.9976470588235294,0.6015686274509804,0.0;
0.9978316032295271,0.6035986159169551,0.0;
0.9980161476355248,0.6056286043829296,0.0;
0.9982006920415225,0.6076585928489042,0.0;
0.9983852364475202,0.6096885813148789,0.0;
0.9985697808535179,0.6117185697808535,0.0;
0.9987543252595156,0.6137485582468282,0.0;
0.9989388696655133,0.6157785467128027,0.0;
0.999123414071511,0.6178085351787774,0.0;
0.9993079584775086,0.619838523644752,0.0;
0.9994925028835063,0.6218685121107266,0.0;
0.999677047289504,0.6238985005767013,0.0;
0.9998615916955017,0.625928489042676,0.0;
1.0,0.6278969627066513,0.0;
1.0,0.629680891964629,0.0;
1.0,0.6314648212226066,0.0;
1.0,0.6332487504805844,0.0;
1.0,0.635032679738562,0.0;
1.0,0.6368166089965398,0.0;
1.0,0.6386005382545175,0.0;
1.0,0.6403844675124952,0.0;
1.0,0.6421683967704729,0.0;
1.0,0.6439523260284505,0.0;
1.0,0.6457362552864283,0.0;
1.0,0.647520184544406,0.0;
1.0,0.6493041138023837,0.0;
1.0,0.6510880430603614,0.0;
1.0,0.6528719723183392,0.0;
1.0,0.6546559015763168,0.0;
1.0,0.6564398308342945,0.0;
1.0,0.6582237600922722,0.0;
1.0,0.6600076893502499,0.0;
1.0,0.6617916186082275,0.0;
1.0,0.6635755478662053,0.0;
1.0,0.665359477124183,0.0;
1.0,0.6671434063821607,0.0;
1.0,0.6689273356401384,0.0;
1.0,0.6707112648981162,0.0;
1.0,0.6724951941560938,0.0;
1.0,0.6742791234140715,0.0;
1.0,0.6760630526720492,0.0;
1.0,0.6778469819300269,0.0;
1.0,0.6796309111880047,0.0;
1.0,0.6814148404459823,0.0;
1.0,0.68319876970396,0.0;
1.0,0.6849826989619378,0.0;
1.0,0.6867666282199154,0.0;
1.0,0.6885505574778931,0.0;
1.0,0.6903344867358708,0.0;
1.0,0.6921184159938485,0.0;
1.0,0.6939023452518263,0.0;
1.0,0.6956862745098039,0.0;
1.0,0.6974702037677817,0.0;
1.0,0.6992541330257593,0.0;
1.0,0.7010380622837371,0.0;
1.0,0.7028219915417148,0.0;
1.0,0.7046059207996924,0.0;
1.0,0.7063898500576702,0.0;
1.0,0.7081737793156478,0.0;
1.0,0.7099577085736255,0.0;
1.0,0.7117416378316033,0.0;
1.0,0.7135255670895809,0.0;
1.0,0.7153094963475587,0.0;
1.0,0.7170934256055363,0.0;
1.0,0.7188773548635141,0.0;
1.0,0.7206612841214918,0.0;
1.0,0.7224452133794694,0.0;
1.0,0.7242291426374472,0.0;
1.0,0.7260130718954249,0.0;
1.0,0.7277970011534025,0.0;
1.0,0.7295809304113803,0.0;
1.0,0.7313648596693579,0.0;
1.0,0.7331487889273357,0.0;
1.0,0.7349327181853134,0.0;
1.0,0.7367166474432911,0.0;
1.0,0.7385005767012688,0.0;
1.0,0.7402845059592464,0.0;
1.0,0.7424990388312188,0.0007996924259900039;
1.0,0.7451441753171857,0.0023990772779700115;
1.0,0.7477893118031527,0.003998462129950019;
1.0,0.7504344482891196,0.005597846981930027;
1.0,0.7530795847750864,0.007197231833909989;
1.0,0.7557247212610535,0.008796616685890043;
1.0,0.7583698577470204,0.010396001537870049;
1.0,0.7610149942329874,0.011995386389850057;
1.0,0.7636601307189542,0.013594771241830065;
1.0,0.7663052672049212,0.015194156093810073;
1.0,0.7689504036908882,0.01679354094579008;
1.0,0.771595540176855,0.018392925797770087;
1.0,0.774240676662822,0.019992310649750097;
1.0,0.7768858131487889,0.021591695501730103;
1.0,0.7795309496347559,0.02319108035371011;
1.0,0.7821760861207229,0.02479046520569012;
1.0,0.7848212226066897,0.02638985005767013;
1.0,0.7874663590926567,0.027989234909650138;
1.0,0.7901114955786236,0.029588619761630144;
1.0,0.7927566320645906,0.03118800461361015;
1.0,0.7954017685505574,0.032787389465590115;
1.0,0.7980469050365244,0.034386774317570167;
1.0,0.8006920415224914,0.035986159169550176;
1.0,0.8033371780084583,0.037585544021530186;
1.0,0.8059823144944253,0.03918492887351019;
1.0,0.8086274509803921,0.0407843137254902;
1.0,0.8112725874663591,0.04238369857747021;
1.0,0.8139177239523261,0.04398308342945021;
1.0,0.816562860438293,0.04558246828143022;
1.0,0.8192079969242599,0.04718185313341023;
1.0,0.8218531334102268,0.04878123798539023;
1.0,0.8244982698961938,0.05038062283737024;
1.0,0.8271434063821607,0.051980007689350245;
1.0,0.8297885428681276,0.05357939254133026;
1.0,0.8324336793540946,0.05517877739331026;
1.0,0.8350788158400615,0.056778162245290274;
1.0,0.8377239523260284,0.05837754709727023;
1.0,0.8403690888119955,0.05997693194925029;
1.0,0.8430142252979623,0.06157631680123029;
1.0,0.8456593617839293,0.0631757016532103;
1.0,0.8483044982698962,0.0647750865051903;
1.0,0.8509496347558632,0.06637447135717033;
1.0,0.85359477124183,0.06797385620915032;
1.0,0.856239907727797,0.06957324106113033;
1.0,0.8588850442137639,0.07117262591311034;
1.0,0.8615301806997309,0.07277201076509035;
1.0,0.8641753171856978,0.07437139561707035;
1.0,0.8668204536716647,0.07597078046905037;
1.0,0.8694655901576317,0.07757016532103037;
1.0,0.8721107266435986,0.07916955017301038;
1.0,0.8747558631295655,0.08076893502499038;
1.0,0.8774009996155325,0.0823683198769704;
1.0,0.8800461361014993,0.08396770472895035;
1.0,0.8826912725874664,0.08556708958093041;
1.0,0.8853364090734333,0.08716647443291041;
1.0,0.8879815455594002,0.08876585928489043;
1.0,0.8906266820453672,0.09036524413687043;
1.0,0.8932718185313341,0.09196462898885044;
1.0,0.895916955017301,0.09356401384083045;
1.0,0.8985620915032679,0.09516339869281046;
1.0,0.9012072279892349,0.09676278354479045;
1.0,0.9038523644752019,0.09836216839677048;
1.0,0.9064975009611688,0.09996155324875047;
1.0,0.9091426374471357,0.10156093810073048;
0.9987543252595156,0.9108650519031142,0.10638985005767013;
0.9970934256055364,0.9122798923490965,0.1122952710495963;
0.9954325259515571,0.9136947327950788,0.11820069204152249;
0.9937716262975779,0.9151095732410611,0.12410611303344868;
0.9921107266435987,0.9165244136870434,0.1300115340253747;
0.9904498269896194,0.9179392541330258,0.13591695501730103;
0.9887889273356402,0.9193540945790081,0.1418223760092272;
0.9871280276816609,0.9207689350249904,0.1477277970011534;
0.9854671280276817,0.9221837754709727,0.15363321799307958;
0.9838062283737025,0.923598615916955,0.15953863898500575;
