function cmap = Wistia()

cmap = [0.8941176470588236,1.0,0.47843137254901963;
0.8957785467128028,0.9985851595540177,0.4725259515570934;
0.8974394463667821,0.9971703191080353,0.4666205305651673;
0.8991003460207613,0.995755478662053,0.4607151095732411;
0.9007612456747405,0.9943406382160708,0.4548096885813149;
0.9024221453287198,0.9929257977700884,0.44890426758938873;
0.904083044982699,0.9915109573241061,0.4429988465974625;
0.9057439446366783,0.9900961168781238,0.4370934256055364;
0.9074048442906575,0.9886812764321414,0.4311880046136102;
0.9090657439446367,0.9872664359861592,0.425282583621684;
0.910726643598616,0.9858515955401769,0.4193771626297578;
0.9123875432525952,0.9844367550941946,0.4134717416378316;
0.9140484429065744,0.9830219146482122,0.4075663206459055;
0.9157093425605537,0.9816070742022299,0.4016608996539793;
0.9173702422145329,0.9801922337562476,0.3957554786620531;
0.9190311418685121,0.9787773933102653,0.3898500576701269;
0.9206920415224914,0.977362552864283,0.3839446366782007;
0.9223529411764706,0.9759477124183007,0.3780392156862745;
0.9240138408304499,0.9745328719723183,0.3721337946943484;
0.9256747404844291,0.973118031526336,0.36622837370242217;
0.9273356401384083,0.9717031910803537,0.36032295271049597;
0.9289965397923876,0.9702883506343714,0.3544175317185698;
0.9306574394463668,0.9688735101883891,0.3485121107266436;
0.932318339100346,0.9674586697424068,0.3426066897347174;
0.9339792387543253,0.9660438292964244,0.33670126874279127;
0.9356401384083045,0.9646289888504421,0.33079584775086507;
0.9373010380622837,0.9632141484044598,0.32489042675893887;
0.938961937716263,0.9617993079584775,0.3189850057670127;
0.9406228373702422,0.9603844675124952,0.3130795847750866;
0.9422837370242215,0.9589696270665129,0.3071741637831603;
0.9439446366782007,0.9575547866205305,0.30126874279123417;
0.9456055363321799,0.9561399461745482,0.295363321799308;
0.9472664359861592,0.954725105728566,0.28945790080738176;
0.9489273356401384,0.9533102652825837,0.2835524798154556;
0.9505882352941176,0.9518954248366013,0.27764705882352947;
0.9522491349480969,0.950480584390619,0.2717416378316032;
0.9539100346020761,0.9490657439446367,0.26583621683967706;
0.9555709342560553,0.9476509034986543,0.2599307958477509;
0.9572318339100346,0.946236063052672,0.2540253748558247;
0.9588927335640138,0.9448212226066898,0.2481199538638985;
0.9605536332179931,0.9434063821607074,0.24221453287197234;
0.9622145328719723,0.9419915417147251,0.2363091118800462;
0.9638754325259515,0.9405767012687428,0.23040369088812;
0.9655363321799308,0.9391618608227604,0.22449826989619376;
0.96719723183391,0.9377470203767782,0.2185928489042676;
0.9688581314878892,0.9363321799307959,0.21268742791234146;
0.9705190311418685,0.9349173394848135,0.20678200692041526;
0.9721799307958477,0.9335024990388312,0.20087658592848906;
0.9738408304498269,0.9320876585928489,0.1949711649365629;
0.9755017301038063,0.9306728181468666,0.1890657439446367;
0.9771626297577855,0.9292579777008843,0.1831603229527105;
0.9788235294117648,0.927843137254902,0.1772549019607843;
0.980484429065744,0.9264282968089197,0.17134948096885816;
0.9821453287197232,0.9250134563629373,0.165444059976932;
0.9838062283737025,0.923598615916955,0.1595386389850058;
0.9854671280276817,0.9221837754709727,0.1536332179930796;
0.9871280276816609,0.9207689350249904,0.14772779700115346;
0.9887889273356402,0.9193540945790081,0.14182237600922726;
0.9904498269896194,0.9179392541330258,0.13591695501730106;
0.9921107266435987,0.9165244136870434,0.13001153402537485;
0.9937716262975779,0.9151095732410611,0.1241061130334487;
0.9954325259515571,0.9136947327950788,0.11820069204152256;
0.9970934256055364,0.9122798923490965,0.11229527104959636;
0.9987543252595156,0.9108650519031142,0.10638985005767015;
1.0,0.9091426374471357,0.10156093810073048;
1.0,0.9064975009611688,0.09996155324875047;
1.0,0.9038523644752019,0.09836216839677049;
1.0,0.9012072279892349,0.09676278354479047;
1.0,0.8985620915032679,0.09516339869281046;
1.0,0.8959169550173011,0.09356401384083045;
1.0,0.8932718185313341,0.09196462898885044;
1.0,0.8906266820453672,0.09036524413687043;
1.0,0.8879815455594002,0.08876585928489042;
1.0,0.8853364090734333,0.08716647443291042;
1.0,0.8826912725874664,0.08556708958093043;
1.0,0.8800461361014994,0.0839677047289504;
1.0,0.8774009996155325,0.0823683198769704;
1.0,0.8747558631295655,0.08076893502499038;
1.0,0.8721107266435986,0.07916955017301038;
1.0,0.8694655901576317,0.07757016532103037;
1.0,0.8668204536716647,0.07597078046905037;
1.0,0.8641753171856978,0.07437139561707036;
1.0,0.8615301806997309,0.07277201076509038;
1.0,0.8588850442137639,0.07117262591311034;
1.0,0.856239907727797,0.06957324106113033;
1.0,0.85359477124183,0.06797385620915034;
1.0,0.8509496347558632,0.06637447135717031;
1.0,0.8483044982698962,0.06477508650519032;
1.0,0.8456593617839293,0.0631757016532103;
1.0,0.8430142252979623,0.061576316801230296;
1.0,0.8403690888119955,0.059976931949250314;
1.0,0.8377239523260285,0.058377547097270284;
1.0,0.8350788158400615,0.056778162245290274;
1.0,0.8324336793540946,0.055178777393310265;
1.0,0.8297885428681276,0.05357939254133026;
1.0,0.8271434063821608,0.05198000768935025;
1.0,0.8244982698961938,0.05038062283737024;
1.0,0.8218531334102268,0.04878123798539023;
1.0,0.8192079969242599,0.04718185313341025;
1.0,0.816562860438293,0.04558246828143021;
1.0,0.8139177239523261,0.04398308342945021;
1.0,0.8112725874663591,0.0423836985774702;
1.0,0.8086274509803921,0.0407843137254902;
1.0,0.8059823144944253,0.03918492887351019;
1.0,0.8033371780084583,0.03758554402153018;
1.0,0.8006920415224914,0.03598615916955017;
1.0,0.7980469050365244,0.03438677431757019;
1.0,0.7954017685505574,0.03278738946559015;
1.0,0.7927566320645906,0.031188004613610154;
1.0,0.7901114955786236,0.029588619761630144;
1.0,0.7874663590926567,0.027989234909650135;
1.0,0.7848212226066897,0.026389850057670125;
1.0,0.7821760861207228,0.024790465205690115;
1.0,0.7795309496347559,0.023191080353710106;
1.0,0.776885813148789,0.021591695501730124;
1.0,0.774240676662822,0.019992310649750086;
1.0,0.771595540176855,0.01839292579777009;
1.0,0.7689504036908881,0.01679354094579008;
1.0,0.7663052672049212,0.015194156093810071;
1.0,0.7636601307189543,0.013594771241830061;
1.0,0.7610149942329874,0.011995386389850066;
1.0,0.7583698577470204,0.010396001537870042;
1.0,0.7557247212610535,0.008796616685890074;
1.0,0.7530795847750865,0.007197231833910037;
1.0,0.7504344482891196,0.005597846981930027;
1.0,0.7477893118031527,0.003998462129950017;
1.0,0.7451441753171857,0.0023990772779700076;
1.0,0.7424990388312188,0.0007996924259899979;
1.0,0.7402845059592464,0.0;
1.0,0.7385005767012688,0.0;
1.0,0.736716647443291,0.0;
1.0,0.7349327181853134,0.0;
1.0,0.7331487889273357,0.0;
1.0,0.7313648596693579,0.0;
1.0,0.7295809304113803,0.0;
1.0,0.7277970011534025,0.0;
1.0,0.7260130718954249,0.0;
1.0,0.7242291426374472,0.0;
1.0,0.7224452133794694,0.0;
1.0,0.7206612841214918,0.0;
1.0,0.718877354863514,0.0;
1.0,0.7170934256055363,0.0;
1.0,0.7153094963475587,0.0;
1.0,0.7135255670895809,0.0;
1.0,0.7117416378316033,0.0;
1.0,0.7099577085736255,0.0;
1.0,0.7081737793156478,0.0;
1.0,0.7063898500576702,0.0;
1.0,0.7046059207996925,0.0;
1.0,0.7028219915417148,0.0;
1.0,0.701038062283737,0.0;
1.0,0.6992541330257593,0.0;
1.0,0.6974702037677817,0.0;
1.0,0.6956862745098039,0.0;
1.0,0.6939023452518263,0.0;
1.0,0.6921184159938485,0.0;
1.0,0.6903344867358708,0.0;
1.0,0.6885505574778932,0.0;
1.0,0.6867666282199154,0.0;
1.0,0.6849826989619378,0.0;
1.0,0.68319876970396,0.0;
1.0,0.6814148404459823,0.0;
1.0,0.6796309111880047,0.0;
1.0,0.6778469819300269,0.0;
1.0,0.6760630526720492,0.0;
1.0,0.6742791234140715,0.0;
1.0,0.6724951941560938,0.0;
1.0,0.6707112648981162,0.0;
1.0,0.6689273356401384,0.0;
1.0,0.6671434063821607,0.0;
1.0,0.665359477124183,0.0;
1.0,0.6635755478662053,0.0;
1.0,0.6617916186082277,0.0;
1.0,0.6600076893502499,0.0;
1.0,0.6582237600922722,0.0;
1.0,0.6564398308342945,0.0;
1.0,0.6546559015763168,0.0;
1.0,0.6528719723183392,0.0;
1.0,0.6510880430603614,0.0;
