function cmap = YlOrRd_r()

cmap = [0.5019607843137255,0.0,0.14901960784313725;
0.5094655901576317,0.0,0.14901960784313725;
0.5169703960015378,0.0,0.14901960784313725;
0.524475201845444,0.0,0.14901960784313725;
0.5319800076893503,0.0,0.14901960784313725;
0.5394848135332564,0.0,0.14901960784313725;
0.5469896193771626,0.0,0.14901960784313725;
0.5544944252210688,0.0,0.14901960784313725;
0.5619992310649751,0.0,0.14901960784313725;
0.5695040369088812,0.0,0.14901960784313725;
0.5770088427527874,0.0,0.14901960784313725;
0.5845136485966935,0.0,0.14901960784313725;
0.5920184544405998,0.0,0.14901960784313725;
0.599523260284506,0.0,0.14901960784313725;
0.6070280661284122,0.0,0.14901960784313725;
0.6145328719723183,0.0,0.14901960784313725;
0.6220376778162245,0.0,0.14901960784313725;
0.6295424836601308,0.0,0.14901960784313725;
0.6370472895040369,0.0,0.14901960784313725;
0.6445520953479431,0.0,0.14901960784313725;
0.6520569011918493,0.0,0.14901960784313725;
0.6595617070357556,0.0,0.14901960784313725;
0.6670665128796617,0.0,0.14901960784313725;
0.6745713187235679,0.0,0.14901960784313725;
0.682076124567474,0.0,0.14901960784313725;
0.6895809304113802,0.0,0.14901960784313725;
0.6970857362552865,0.0,0.14901960784313725;
0.7045905420991927,0.0,0.14901960784313725;
0.7120953479430988,0.0,0.14901960784313725;
0.719600153787005,0.0,0.14901960784313725;
0.7271049596309112,0.0,0.14901960784313725;
0.7346097654748174,0.0,0.14901960784313725;
0.7417608612072281,0.00039984621299500193,0.14886582083813918;
0.7464359861591695,0.0035986159169549945,0.14763552479815456;
0.7511111111111112,0.0067973856209150325,0.14640522875816994;
0.7557862360630527,0.009996155324875048,0.14517493271818532;
0.7604613610149943,0.013194925028835064,0.14394463667820068;
0.7651364859669357,0.016393694732795058,0.1427143406382161;
0.7698116109188774,0.019592464436755094,0.14148404459823144;
0.774486735870819,0.02279123414071511,0.14025374855824682;
0.7791618608227605,0.025990003844675123,0.1390234525182622;
0.7838369857747021,0.029188773548635114,0.13779315647827758;
0.7885121107266436,0.03238754325259515,0.13656286043829297;
0.7931872356785852,0.03558631295655517,0.13533256439830835;
0.7978623606305267,0.03878508266051518,0.13410226835832373;
0.8025374855824683,0.041983852364475174,0.1328719723183391;
0.8072126105344098,0.045182622068435215,0.1316416762783545;
0.8118877354863514,0.04838139177239523,0.13041138023836985;
0.816562860438293,0.051580161476355246,0.12918108419838523;
0.8212379853902345,0.05477893118031524,0.1279507881584006;
0.8259131103421761,0.05797770088427528,0.126720492118416;
0.8305882352941176,0.06117647058823529,0.12549019607843137;
0.8352633602460592,0.06437524029219531,0.12425990003844675;
0.8399384851980007,0.0675740099961553,0.12302960399846213;
0.8446136101499423,0.07077277970011533,0.12179930795847752;
0.8492887351018839,0.07397154940407535,0.12056901191849288;
0.8539638600538254,0.07717031910803537,0.11933871587850826;
0.858638985005767,0.08036908881199537,0.11810841983852366;
0.8633141099577085,0.0835678585159554,0.11687812379853901;
0.8679892349096501,0.08676662821991542,0.1156478277585544;
0.8726643598615916,0.08996539792387542,0.11441753171856978;
0.8773394848135332,0.09316416762783541,0.11318723567858516;
0.8820146097654747,0.09636293733179546,0.11195693963860054;
0.8866897347174163,0.09956170703575548,0.11072664359861592;
0.8909650134563629,0.1035601691657055,0.11023452518262207;
0.8940407535563244,0.10995770857362552,0.11195693963860054;
0.897116493656286,0.11635524798154546,0.11367935409457898;
0.9001922337562476,0.12275278738946559,0.11540176855055748;
0.9032679738562092,0.1291503267973856,0.11712418300653595;
0.9063437139561706,0.13554786620530565,0.11884659746251441;
0.9094194540561322,0.1419454056132257,0.12056901191849288;
0.9124951941560938,0.1483429450211457,0.12229142637447135;
0.9155709342560553,0.15474048442906574,0.12401384083044983;
0.9186466743560169,0.16113802383698578,0.1257362552864283;
0.9217224144559784,0.16753556324490573,0.12745866974240674;
0.92479815455594,0.17393310265282586,0.12918108419838523;
0.9278738946559015,0.1803306420607459,0.1309034986543637;
0.9309496347558631,0.1867281814686659,0.13262591311034216;
0.9340253748558247,0.19312572087658594,0.13434832756632065;
0.9371011149557862,0.19952326028450595,0.13607074202229913;
0.9401768550557478,0.205920799692426,0.13779315647827758;
0.9432525951557094,0.21231833910034603,0.13951557093425604;
0.9463283352556708,0.21871587850826596,0.1412379853902345;
0.9494040753556324,0.2251134179161861,0.142960399846213;
0.952479815455594,0.23151095732410612,0.14468281430219146;
0.9555555555555556,0.23790849673202616,0.14640522875816991;
0.9586312956555171,0.24430603613994617,0.1481276432141484;
0.9617070357554787,0.2507035755478662,0.14985005767012688;
0.9647827758554403,0.25710111495578625,0.15157247212610533;
0.9678585159554018,0.2634986543637063,0.15329488658208382;
0.9709342560553633,0.2698961937716262,0.15501730103806227;
0.9740099961553249,0.2762937331795463,0.15673971549404075;
0.9770857362552865,0.2826912725874664,0.1584621299500192;
0.980161476355248,0.2890888119953864,0.1601845444059977;
0.9832372164552096,0.2954863514033064,0.16190695886197615;
0.9863129565551711,0.30188389081122646,0.16362937331795463;
0.9882814302191465,0.3087889273356402,0.1655363321799308;
0.988404459823145,0.31653979238754326,0.16775086505190312;
0.9885274894271434,0.3242906574394463,0.1699653979238754;
0.9886505190311419,0.3320415224913495,0.17217993079584776;
0.9887735486351403,0.33979238754325264,0.17439446366782008;
0.9888965782391388,0.3475432525951557,0.1766089965397924;
0.9890196078431372,0.35529411764705887,0.17882352941176471;
0.9891426374471357,0.36304498269896196,0.18103806228373703;
0.9892656670511342,0.37079584775086505,0.18325259515570935;
0.9893886966551326,0.3785467128027682,0.18546712802768167;
0.9895117262591311,0.3862975778546712,0.18768166089965393;
0.9896347558631297,0.3940484429065744,0.1898961937716263;
0.9897577854671281,0.4017993079584775,0.19211072664359863;
0.9898808150711266,0.40955017301038066,0.19432525951557095;
0.990003844675125,0.41730103806228375,0.19653979238754327;
0.9901268742791235,0.4250519031141869,0.19875432525951559;
0.990249903883122,0.43280276816609,0.20096885813148788;
0.9903729334871204,0.4405536332179931,0.2031833910034602;
0.9904959630911189,0.4483044982698961,0.2053979238754325;
0.9906189926951173,0.4560553633217993,0.20761245674740483;
0.9907420222991158,0.46380622837370244,0.20982698961937715;
0.9908650519031142,0.4715570934256056,0.21204152249134947;
0.9909880815071127,0.4793079584775087,0.2142560553633218;
0.9911111111111112,0.48705882352941177,0.2164705882352941;
0.9912341407151096,0.4948096885813149,0.21868512110726643;
0.9913571703191081,0.502560553633218,0.22089965397923875;
0.9914801999231065,0.510311418685121,0.22311418685121104;
0.991603229527105,0.5180622837370242,0.22532871972318338;
0.9917262591311035,0.5258131487889274,0.2275432525951557;
0.9918492887351019,0.5335640138408304,0.22975778546712802;
0.9919723183391004,0.5413148788927336,0.23197231833910034;
0.9920953479430988,0.5490657439446367,0.23418685121107266;
0.9922183775470973,0.5552172241445598,0.23627835447904652;
0.9923414071510958,0.5597693194925029,0.23824682814302192;
0.9924644367550942,0.564321414840446,0.2402153018069973;
0.9925874663590927,0.568873510188389,0.2421837754709727;
0.9927104959630911,0.573425605536332,0.24415224913494804;
0.9928335255670896,0.5779777008842752,0.2461207227989235;
0.992956555171088,0.5825297962322183,0.24808919646289887;
0.9930795847750865,0.5870818915801614,0.2500576701268743;
0.993202614379085,0.5916339869281045,0.25202614379084964;
0.9933256439830834,0.5961860822760476,0.25399461745482504;
0.9934486735870819,0.6007381776239907,0.25596309111880045;
0.9935717031910803,0.6052902729719338,0.25793156478277585;
0.9936947327950788,0.6098423683198769,0.25990003844675125;
0.9938177623990773,0.61439446366782,0.26186851211072665;
